  0.000000000000000E+000  0.000000000000000E+000 -0.290242877849537     
  0.000000000000000E+000  0.305320839087168      -0.299866670288495     
  0.000000000000000E+000  0.610641678174337      -0.308412034739631     
  0.000000000000000E+000  0.915962517261505      -0.316080982140409     
  0.000000000000000E+000   1.22128335634867      -0.322060001336176     
  0.000000000000000E+000   1.52660419543584      -0.324701830274515     
  0.000000000000000E+000   1.83192503452301      -0.323258670741654     
  0.000000000000000E+000   2.13724587361018      -0.318353507931215     
  0.000000000000000E+000   2.44256671269735      -0.312303707229478     
  0.000000000000000E+000   2.74788755178452      -0.303176409285070     
  0.000000000000000E+000   3.05320839087168      -0.292256916050061     
  0.000000000000000E+000   3.35852922995885      -0.283640640465947     
  0.000000000000000E+000   3.66385006904602      -0.269740523788469     
  0.000000000000000E+000   3.96917090813319      -0.254192753456855     
  0.000000000000000E+000   4.27449174722036      -0.232452584960637     
  0.000000000000000E+000   4.57981258630753      -0.203635948687494     
  0.000000000000000E+000   4.88513342539469      -0.176910899677213     
  0.000000000000000E+000   5.19045426448186      -0.155641830709255     
  0.000000000000000E+000   5.49577510356903      -0.139246109334839     
  0.000000000000000E+000   5.80109594265620      -0.127633109303966     
  0.000000000000000E+000   6.10641678174337      -0.119985850983921     
  0.000000000000000E+000   6.41173762083054      -0.114980410759426     
  0.000000000000000E+000   6.71705845991770      -0.110958249610754     
  0.000000000000000E+000   7.02237929900487      -0.107230400843764     
  0.000000000000000E+000   7.32770013809204      -0.104725114519682     
  0.305320839087168       0.000000000000000E+000 -0.299873484303665     
  0.305320839087168       0.305320839087168      -0.291247120383994     
  0.305320839087168       0.610641678174337      -0.317655119892452     
  0.305320839087168       0.915962517261505      -0.344926381271572     
  0.305320839087168        1.22128335634867      -0.359255815914876     
  0.305320839087168        1.52660419543584      -0.364057446686239     
  0.305320839087168        1.83192503452301      -0.362147239125727     
  0.305320839087168        2.13724587361018      -0.355555416388881     
  0.305320839087168        2.44256671269735      -0.347703307566572     
  0.305320839087168        2.74788755178452      -0.335234062300733     
  0.305320839087168        3.05320839087168      -0.316797799636145     
  0.305320839087168        3.35852922995885      -0.296802122939311     
  0.305320839087168        3.66385006904602      -0.278759647100128     
  0.305320839087168        3.96917090813319      -0.260023383558464     
  0.305320839087168        4.27449174722036      -0.236988419373298     
  0.305320839087168        4.57981258630753      -0.209780215623993     
  0.305320839087168        4.88513342539469      -0.184055747926982     
  0.305320839087168        5.19045426448186      -0.162906109993542     
  0.305320839087168        5.49577510356903      -0.146040857171436     
  0.305320839087168        5.80109594265620      -0.133546767353093     
  0.305320839087168        6.10641678174337      -0.124698501480893     
  0.305320839087168        6.41173762083054      -0.118278018434769     
  0.305320839087168        6.71705845991770      -0.113013503380353     
  0.305320839087168        7.02237929900487      -0.110369708952785     
  0.305320839087168        7.32770013809204      -0.107510737881731     
  0.610641678174337       0.000000000000000E+000 -0.308415077457205     
  0.610641678174337       0.305320839087168      -0.317653037567200     
  0.610641678174337       0.610641678174337      -0.345806711512025     
  0.610641678174337       0.915962517261505      -0.376540656878695     
  0.610641678174337        1.22128335634867      -0.394592464048826     
  0.610641678174337        1.52660419543584      -0.401007848392916     
  0.610641678174337        1.83192503452301      -0.398477330174826     
  0.610641678174337        2.13724587361018      -0.391021289343309     
  0.610641678174337        2.44256671269735      -0.380898140153031     
  0.610641678174337        2.74788755178452      -0.365826382125546     
  0.610641678174337        3.05320839087168      -0.342264981559219     
  0.610641678174337        3.35852922995885      -0.313298017504771     
  0.610641678174337        3.66385006904602      -0.285046305181124     
  0.610641678174337        3.96917090813319      -0.260357428425429     
  0.610641678174337        4.27449174722036      -0.236166157029535     
  0.610641678174337        4.57981258630753      -0.211331449832620     
  0.610641678174337        4.88513342539469      -0.188178032273677     
  0.610641678174337        5.19045426448186      -0.168428084472398     
  0.610641678174337        5.49577510356903      -0.152063546444218     
  0.610641678174337        5.80109594265620      -0.139354709573406     
  0.610641678174337        6.10641678174337      -0.130014215360518     
  0.610641678174337        6.41173762083054      -0.123186158640666     
  0.610641678174337        6.71705845991770      -0.118078631645323     
  0.610641678174337        7.02237929900487      -0.113754902329763     
  0.610641678174337        7.32770013809204      -0.107272992945199     
  0.915962517261505       0.000000000000000E+000 -0.316078901762641     
  0.915962517261505       0.305320839087168      -0.344924663470569     
  0.915962517261505       0.610641678174337      -0.376540291992563     
  0.915962517261505       0.915962517261505      -0.405309945594393     
  0.915962517261505        1.22128335634867      -0.423740016095655     
  0.915962517261505        1.52660419543584      -0.430742663619221     
  0.915962517261505        1.83192503452301      -0.427953857974841     
  0.915962517261505        2.13724587361018      -0.421260304317670     
  0.915962517261505        2.44256671269735      -0.409003054104636     
  0.915962517261505        2.74788755178452      -0.389952305275066     
  0.915962517261505        3.05320839087168      -0.363736025105457     
  0.915962517261505        3.35852922995885      -0.330913267778923     
  0.915962517261505        3.66385006904602      -0.296768365956599     
  0.915962517261505        3.96917090813319      -0.265645990557964     
  0.915962517261505        4.27449174722036      -0.238092565053713     
  0.915962517261505        4.57981258630753      -0.213449300744181     
  0.915962517261505        4.88513342539469      -0.191669114975234     
  0.915962517261505        5.19045426448186      -0.172911280469649     
  0.915962517261505        5.49577510356903      -0.157204419932842     
  0.915962517261505        5.80109594265620      -0.144550978444567     
  0.915962517261505        6.10641678174337      -0.134821533206271     
  0.915962517261505        6.41173762083054      -0.127315885254359     
  0.915962517261505        6.71705845991770      -0.121108041569730     
  0.915962517261505        7.02237929900487      -0.114732110349933     
  0.915962517261505        7.32770013809204      -0.107013310026555     
   1.22128335634867       0.000000000000000E+000 -0.322058190011170     
   1.22128335634867       0.305320839087168      -0.359254981197356     
   1.22128335634867       0.610641678174337      -0.394591860067378     
   1.22128335634867       0.915962517261505      -0.423739133709396     
   1.22128335634867        1.22128335634867      -0.442551245292630     
   1.22128335634867        1.52660419543584      -0.449915799845667     
   1.22128335634867        1.83192503452301      -0.449013286000961     
   1.22128335634867        2.13724587361018      -0.443285143047381     
   1.22128335634867        2.44256671269735      -0.429137818118290     
   1.22128335634867        2.74788755178452      -0.406150684719941     
   1.22128335634867        3.05320839087168      -0.376264767411547     
   1.22128335634867        3.35852922995885      -0.342029625654836     
   1.22128335634867        3.66385006904602      -0.306120921248075     
   1.22128335634867        3.96917090813319      -0.272207213327211     
   1.22128335634867        4.27449174722036      -0.242440912781384     
   1.22128335634867        4.57981258630753      -0.216954272824065     
   1.22128335634867        4.88513342539469      -0.195199451482410     
   1.22128335634867        5.19045426448186      -0.176808569444013     
   1.22128335634867        5.49577510356903      -0.161466127888719     
   1.22128335634867        5.80109594265620      -0.148837418257725     
   1.22128335634867        6.10641678174337      -0.138570925173434     
   1.22128335634867        6.41173762083054      -0.130034569966110     
   1.22128335634867        6.71705845991770      -0.122420815437588     
   1.22128335634867        7.02237929900487      -0.114813061525783     
   1.22128335634867        7.32770013809204      -0.106758545058969     
   1.52660419543584       0.000000000000000E+000 -0.324704217847132     
   1.52660419543584       0.305320839087168      -0.364057980909106     
   1.52660419543584       0.610641678174337      -0.401006073844114     
   1.52660419543584       0.915962517261505      -0.430739164696951     
   1.52660419543584        1.22128335634867      -0.449912660773616     
   1.52660419543584        1.52660419543584      -0.458749897907311     
   1.52660419543584        1.83192503452301      -0.461156272962789     
   1.52660419543584        2.13724587361018      -0.454890762550391     
   1.52660419543584        2.44256671269735      -0.438743704443209     
   1.52660419543584        2.74788755178452      -0.413519669463868     
   1.52660419543584        3.05320839087168      -0.381649700689898     
   1.52660419543584        3.35852922995885      -0.346231342637957     
   1.52660419543584        3.66385006904602      -0.310296920393869     
   1.52660419543584        3.96917090813319      -0.276419221108699     
   1.52660419543584        4.27449174722036      -0.246233376161978     
   1.52660419543584        4.57981258630753      -0.220270135161210     
   1.52660419543584        4.88513342539469      -0.198379182853965     
   1.52660419543584        5.19045426448186      -0.180126366044229     
   1.52660419543584        5.49577510356903      -0.164944790768449     
   1.52660419543584        5.80109594265620      -0.152220892943246     
   1.52660419543584        6.10641678174337      -0.141379386711224     
   1.52660419543584        6.41173762083054      -0.131861643331222     
   1.52660419543584        6.71705845991770      -0.123144827398866     
   1.52660419543584        7.02237929900487      -0.114787698464584     
   1.52660419543584        7.32770013809204      -0.106615974662728     
   1.83192503452301       0.000000000000000E+000 -0.323267952814566     
   1.83192503452301       0.305320839087168      -0.362150036459477     
   1.83192503452301       0.610641678174337      -0.398473840197381     
   1.83192503452301       0.915962517261505      -0.427946265393869     
   1.83192503452301        1.22128335634867      -0.449005084082866     
   1.83192503452301        1.52660419543584      -0.461150970730783     
   1.83192503452301        1.83192503452301      -0.463361504976967     
   1.83192503452301        2.13724587361018      -0.455043858826718     
   1.83192503452301        2.44256671269735      -0.436798233091057     
   1.83192503452301        2.74788755178452      -0.410507726037115     
   1.83192503452301        3.05320839087168      -0.378826089280280     
   1.83192503452301        3.35852922995885      -0.344521734734535     
   1.83192503452301        3.66385006904602      -0.310050105160017     
   1.83192503452301        3.96917090813319      -0.277369704284078     
   1.83192503452301        4.27449174722036      -0.247840694074760     
   1.83192503452301        4.57981258630753      -0.222187850926998     
   1.83192503452301        4.88513342539469      -0.200549852655408     
   1.83192503452301        5.19045426448186      -0.182575158772916     
   1.83192503452301        5.49577510356903      -0.167576165879093     
   1.83192503452301        5.80109594265620      -0.154756138697674     
   1.83192503452301        6.10641678174337      -0.143434709231905     
   1.83192503452301        6.41173762083054      -0.133158752120026     
   1.83192503452301        6.71705845991770      -0.123670696743754     
   1.83192503452301        7.02237929900487      -0.114833620217390     
   1.83192503452301        7.32770013809204      -0.106581694520719     
   2.13724587361018       0.000000000000000E+000 -0.318372856830083     
   2.13724587361018       0.305320839087168      -0.355561875256518     
   2.13724587361018       0.610641678174337      -0.391015845856052     
   2.13724587361018       0.915962517261505      -0.421247613822325     
   2.13724587361018        1.22128335634867      -0.443270731026980     
   2.13724587361018        1.52660419543584      -0.454879137662219     
   2.13724587361018        1.83192503452301      -0.455037698309764     
   2.13724587361018        2.13724587361018      -0.444230230809298     
   2.13724587361018        2.44256671269735      -0.424341075072412     
   2.13724587361018        2.74788755178452      -0.398023969542370     
   2.13724587361018        3.05320839087168      -0.367926710689429     
   2.13724587361018        3.35852922995885      -0.336213632452346     
   2.13724587361018        3.66385006904602      -0.304541907381247     
   2.13724587361018        3.96917090813319      -0.274248185521743     
   2.13724587361018        4.27449174722036      -0.246448567514560     
   2.13724587361018        4.57981258630753      -0.221970101889701     
   2.13724587361018        4.88513342539469      -0.201166680897040     
   2.13724587361018        5.19045426448186      -0.183798235368161     
   2.13724587361018        5.49577510356903      -0.169147880043775     
   2.13724587361018        5.80109594265620      -0.156348411933603     
   2.13724587361018        6.10641678174337      -0.144723951844304     
   2.13724587361018        6.41173762083054      -0.133950114806925     
   2.13724587361018        6.71705845991770      -0.123980640636128     
   2.13724587361018        7.02237929900487      -0.114857299070702     
   2.13724587361018        7.32770013809204      -0.106566560551814     
   2.44256671269735       0.000000000000000E+000 -0.312338051211692     
   2.44256671269735       0.305320839087168      -0.347713927188401     
   2.44256671269735       0.610641678174337      -0.380888503987645     
   2.44256671269735       0.915962517261505      -0.408983268320884     
   2.44256671269735        1.22128335634867      -0.429116357608753     
   2.44256671269735        1.52660419543584      -0.438725853785514     
   2.44256671269735        1.83192503452301      -0.436786565482732     
   2.44256671269735        2.13724587361018      -0.424335924119005     
   2.44256671269735        2.44256671269735      -0.403965074069552     
   2.44256671269735        2.74788755178452      -0.378722452837960     
   2.44256671269735        3.05320839087168      -0.351119638337455     
   2.44256671269735        3.35852922995885      -0.322750074362309     
   2.44256671269735        3.66385006904602      -0.294569603211660     
   2.44256671269735        3.96917090813319      -0.267377892989472     
   2.44256671269735        4.27449174722036      -0.242049668339881     
   2.44256671269735        4.57981258630753      -0.219427130987464     
   2.44256671269735        4.88513342539469      -0.199981428499082     
   2.44256671269735        5.19045426448186      -0.183554006849692     
   2.44256671269735        5.49577510356903      -0.169450394267461     
   2.44256671269735        5.80109594265620      -0.156826717826626     
   2.44256671269735        6.10641678174337      -0.145092369601191     
   2.44256671269735        6.41173762083054      -0.134073126943837     
   2.44256671269735        6.71705845991770      -0.123880680504203     
   2.44256671269735        7.02237929900487      -0.114656040033106     
   2.44256671269735        7.32770013809204      -0.106415733993550     
   2.74788755178452       0.000000000000000E+000 -0.303227524797236     
   2.74788755178452       0.305320839087168      -0.335244739839766     
   2.74788755178452       0.610641678174337      -0.365805793447148     
   2.74788755178452       0.915962517261505      -0.389921220429610     
   2.74788755178452        1.22128335634867      -0.406121663198128     
   2.74788755178452        1.52660419543584      -0.413496869403018     
   2.74788755178452        1.83192503452301      -0.410492504962588     
   2.74788755178452        2.13724587361018      -0.398015866969426     
   2.74788755178452        2.44256671269735      -0.378719651616174     
   2.74788755178452        2.74788755178452      -0.355640829079896     
   2.74788755178452        3.05320839087168      -0.331084109495496     
   2.74788755178452        3.35852922995885      -0.306258859731966     
   2.74788755178452        3.66385006904602      -0.281671074806551     
   2.74788755178452        3.96917090813319      -0.257757522280306     
   2.74788755178452        4.27449174722036      -0.235205157684458     
   2.74788755178452        4.57981258630753      -0.214807415081542     
   2.74788755178452        4.88513342539469      -0.197043717003550     
   2.74788755178452        5.19045426448186      -0.181781207342906     
   2.74788755178452        5.49577510356903      -0.168375279431307     
   2.74788755178452        5.80109594265620      -0.156076350236805     
   2.74788755178452        6.10641678174337      -0.144434386680164     
   2.74788755178452        6.41173762083054      -0.133423175182822     
   2.74788755178452        6.71705845991770      -0.123201823253640     
   2.74788755178452        7.02237929900487      -0.114043931853916     
   2.74788755178452        7.32770013809204      -0.106130231242403     
   3.05320839087168       0.000000000000000E+000 -0.292315073687926     
   3.05320839087168       0.305320839087168      -0.316795562939470     
   3.05320839087168       0.610641678174337      -0.342224853282065     
   3.05320839087168       0.915962517261505      -0.363690210366169     
   3.05320839087168        1.22128335634867      -0.376229214440939     
   3.05320839087168        1.52660419543584      -0.381624778967078     
   3.05320839087168        1.83192503452301      -0.378810312365121     
   3.05320839087168        2.13724587361018      -0.367918445479504     
   3.05320839087168        2.44256671269735      -0.351116614883118     
   3.05320839087168        2.74788755178452      -0.331083746653070     
   3.05320839087168        3.05320839087168      -0.309871084311268     
   3.05320839087168        3.35852922995885      -0.288499470689209     
   3.05320839087168        3.66385006904602      -0.267280199836278     
   3.05320839087168        3.96917090813319      -0.246471330464206     
   3.05320839087168        4.27449174722036      -0.226657384924278     
   3.05320839087168        4.57981258630753      -0.208557189414614     
   3.05320839087168        4.88513342539469      -0.192575718384322     
   3.05320839087168        5.19045426448186      -0.178558491959410     
   3.05320839087168        5.49577510356903      -0.165928708172309     
   3.05320839087168        5.80109594265620      -0.154080096849344     
   3.05320839087168        6.10641678174337      -0.142733115264884     
   3.05320839087168        6.41173762083054      -0.131927307404074     
   3.05320839087168        6.71705845991770      -0.121840039111183     
   3.05320839087168        7.02237929900487      -0.113100077447665     
   3.05320839087168        7.32770013809204      -0.105960753262155     
   3.35852922995885       0.000000000000000E+000 -0.283678536157079     
   3.35852922995885       0.305320839087168      -0.296773396171152     
   3.35852922995885       0.610641678174337      -0.313240664953881     
   3.35852922995885       0.915962517261505      -0.330860886368474     
   3.35852922995885        1.22128335634867      -0.341993398238225     
   3.35852922995885        1.52660419543584      -0.346209058464446     
   3.35852922995885        1.83192503452301      -0.344509014844681     
   3.35852922995885        2.13724587361018      -0.336207961590933     
   3.35852922995885        2.44256671269735      -0.322749009689015     
   3.35852922995885        2.74788755178452      -0.306259954998726     
   3.35852922995885        3.05320839087168      -0.288500680120795     
   3.35852922995885        3.35852922995885      -0.270412946563177     
   3.35852922995885        3.66385006904602      -0.252274801449978     
   3.35852922995885        3.96917090813319      -0.234289990600942     
   3.35852922995885        4.27449174722036      -0.217017973276295     
   3.35852922995885        4.57981258630753      -0.201103225837439     
   3.35852922995885        4.88513342539469      -0.186839703214245     
   3.35852922995885        5.19045426448186      -0.174037310966879     
   3.35852922995885        5.49577510356903      -0.162205354266399     
   3.35852922995885        5.80109594265620      -0.150909120102954     
   3.35852922995885        6.10641678174337      -0.140047519938710     
   3.35852922995885        6.41173762083054      -0.129648794874550     
   3.35852922995885        6.71705845991770      -0.120046239611693     
   3.35852922995885        7.02237929900487      -0.112308710120261     
   3.35852922995885        7.32770013809204      -0.106328286231331     
   3.66385006904602       0.000000000000000E+000 -0.269747864958343     
   3.66385006904602       0.305320839087168      -0.278736613584225     
   3.66385006904602       0.610641678174337      -0.285004422777670     
   3.66385006904602       0.915962517261505      -0.296730663691592     
   3.66385006904602        1.22128335634867      -0.306095708650769     
   3.66385006904602        1.52660419543584      -0.310283001753659     
   3.66385006904602        1.83192503452301      -0.310043777829695     
   3.66385006904602        2.13724587361018      -0.304540920983420     
   3.66385006904602        2.44256671269735      -0.294571870896414     
   3.66385006904602        2.74788755178452      -0.281674595402828     
   3.66385006904602        3.05320839087168      -0.267283352627553     
   3.66385006904602        3.35852922995885      -0.252276575263827     
   3.66385006904602        3.66385006904602      -0.236973645318733     
   3.66385006904602        3.96917090813319      -0.221593341816944     
   3.66385006904602        4.27449174722036      -0.206678254887728     
   3.66385006904602        4.57981258630753      -0.192780521356598     
   3.66385006904602        4.88513342539469      -0.180091347972820     
   3.66385006904602        5.19045426448186      -0.168414044181161     
   3.66385006904602        5.49577510356903      -0.157370499700247     
   3.66385006904602        5.80109594265620      -0.146705031203548     
   3.66385006904602        6.10641678174337      -0.136479359034097     
   3.66385006904602        6.41173762083054      -0.126762378946718     
   3.66385006904602        6.71705845991770      -0.118027680290868     
   3.66385006904602        7.02237929900487      -0.111546541740640     
   3.66385006904602        7.32770013809204      -0.106460656660073     
   3.96917090813319       0.000000000000000E+000 -0.254226326049802     
   3.96917090813319       0.305320839087168      -0.260053179855074     
   3.96917090813319       0.610641678174337      -0.260361651244558     
   3.96917090813319       0.915962517261505      -0.265639496844719     
   3.96917090813319        1.22128335634867      -0.272201394511916     
   3.96917090813319        1.52660419543584      -0.276417389679323     
   3.96917090813319        1.83192503452301      -0.277371585984805     
   3.96917090813319        2.13724587361018      -0.274252777768661     
   3.96917090813319        2.44256671269735      -0.267383909812039     
   3.96917090813319        2.74788755178452      -0.257763652358875     
   3.96917090813319        3.05320839087168      -0.246476505240160     
   3.96917090813319        3.35852922995885      -0.234293555742325     
   3.96917090813319        3.66385006904602      -0.221595073550024     
   3.96917090813319        3.96917090813319      -0.208661338106843     
   3.96917090813319        4.27449174722036      -0.195950164900588     
   3.96917090813319        4.57981258630753      -0.183883461049801     
   3.96917090813319        4.88513342539469      -0.172592659214945     
   3.96917090813319        5.19045426448186      -0.161929527851205     
   3.96917090813319        5.49577510356903      -0.151654936754183     
   3.96917090813319        5.80109594265620      -0.141674249280900     
   3.96917090813319        6.10641678174337      -0.132164476495605     
   3.96917090813319        6.41173762083054      -0.123304841633863     
   3.96917090813319        6.71705845991770      -0.115527764853317     
   3.96917090813319        7.02237929900487      -0.109534186142724     
   3.96917090813319        7.32770013809204      -0.104458083964579     
   4.27449174722036       0.000000000000000E+000 -0.232503437518376     
   4.27449174722036       0.305320839087168      -0.237043834385089     
   4.27449174722036       0.610641678174337      -0.236202774532904     
   4.27449174722036       0.915962517261505      -0.238112498777021     
   4.27449174722036        1.22128335634867      -0.242452679069052     
   4.27449174722036        1.52660419543584      -0.246243130464626     
   4.27449174722036        1.83192503452301      -0.247850343951389     
   4.27449174722036        2.13724587361018      -0.246458278948467     
   4.27449174722036        2.44256671269735      -0.242059027440082     
   4.27449174722036        2.74788755178452      -0.235213580265156     
   4.27449174722036        3.05320839087168      -0.226664338745128     
   4.27449174722036        3.35852922995885      -0.217023112646188     
   4.27449174722036        3.66385006904602      -0.206681479303495     
   4.27449174722036        3.96917090813319      -0.195951611980078     
   4.27449174722036        4.27449174722036      -0.185191030495570     
   4.27449174722036        4.57981258630753      -0.174705878339667     
   4.27449174722036        4.88513342539469      -0.164614546625796     
   4.27449174722036        5.19045426448186      -0.154858612016136     
   4.27449174722036        5.49577510356903      -0.145341257942140     
   4.27449174722036        5.80109594265620      -0.136086708255725     
   4.27449174722036        6.10641678174337      -0.127304531530148     
   4.27449174722036        6.41173762083054      -0.119260893478745     
   4.27449174722036        6.71705845991770      -0.112233039818335     
   4.27449174722036        7.02237929900487      -0.106552897796581     
   4.27449174722036        7.32770013809204      -0.101650556198224     
   4.57981258630753       0.000000000000000E+000 -0.203683658774178     
   4.57981258630753       0.305320839087168      -0.209833608059886     
   4.57981258630753       0.610641678174337      -0.211375336261893     
   4.57981258630753       0.915962517261505      -0.213479837406013     
   4.57981258630753        1.22128335634867      -0.216976158409179     
   4.57981258630753        1.52660419543584      -0.220287739314991     
   4.57981258630753        1.83192503452301      -0.222202995379730     
   4.57981258630753        2.13724587361018      -0.221983490387039     
   4.57981258630753        2.44256671269735      -0.219438979598304     
   4.57981258630753        2.74788755178452      -0.214817681380611     
   4.57981258630753        3.05320839087168      -0.208565690921584     
   4.57981258630753        3.35852922995885      -0.201109758895978     
   4.57981258630753        3.66385006904602      -0.192784995080418     
   4.57981258630753        3.96917090813319      -0.183886000399649     
   4.57981258630753        4.27449174722036      -0.174706855612248     
   4.57981258630753        4.57981258630753      -0.165499748969320     
   4.57981258630753        4.88513342539469      -0.156410277790683     
   4.57981258630753        5.19045426448186      -0.147479947107706     
   4.57981258630753        5.49577510356903      -0.138727072837119     
   4.57981258630753        5.80109594265620      -0.130239617996970     
   4.57981258630753        6.10641678174337      -0.122201313863715     
   4.57981258630753        6.41173762083054      -0.114822307302752     
   4.57981258630753        6.71705845991770      -0.108257431744433     
   4.57981258630753        7.02237929900487      -0.102595082534106     
   4.57981258630753        7.32770013809204      -9.745321908704821E-002
   4.88513342539469       0.000000000000000E+000 -0.176947646465400     
   4.88513342539469       0.305320839087168      -0.184097016512516     
   4.88513342539469       0.610641678174337      -0.188215401672775     
   4.88513342539469       0.915962517261505      -0.191699973056577     
   4.88513342539469        1.22128335634867      -0.195224646887280     
   4.88513342539469        1.52660419543584      -0.198400095584296     
   4.88513342539469        1.83192503452301      -0.200567586412970     
   4.88513342539469        2.13724587361018      -0.201182049892842     
   4.88513342539469        2.44256671269735      -0.199994957620805     
   4.88513342539469        2.74788755178452      -0.197055590494585     
   4.88513342539469        3.05320839087168      -0.192585793566410     
   4.88513342539469        3.35852922995885      -0.186847659615388     
   4.88513342539469        3.66385006904602      -0.180096940006169     
   4.88513342539469        3.96917090813319      -0.172595941735967     
   4.88513342539469        4.27449174722036      -0.164615954747339     
   4.88513342539469        4.57981258630753      -0.156410550472123     
   4.88513342539469        4.88513342539469      -0.148174925123703     
   4.88513342539469        5.19045426448186      -0.140033068425658     
   4.88513342539469        5.49577510356903      -0.132072056407921     
   4.88513342539469        5.80109594265620      -0.124390077497017     
   4.88513342539469        6.10641678174337      -0.117110829563033     
   4.88513342539469        6.41173762083054      -0.110349359030594     
   4.88513342539469        6.71705845991770      -0.104162194838775     
   4.88513342539469        7.02237929900487      -9.852329390165469E-002
   4.88513342539469        7.32770013809204      -9.328017414971382E-002
   5.19045426448186       0.000000000000000E+000 -0.155668282933431     
   5.19045426448186       0.305320839087168      -0.162936318856350     
   5.19045426448186       0.610641678174337      -0.168458191153303     
   5.19045426448186       0.915962517261505      -0.172938755780922     
   5.19045426448186        1.22128335634867      -0.176832518847234     
   5.19045426448186        1.52660419543584      -0.180146960454131     
   5.19045426448186        1.83192503452301      -0.182593096964981     
   5.19045426448186        2.13724587361018      -0.183814338856428     
   5.19045426448186        2.44256671269735      -0.183568861181981     
   5.19045426448186        2.74788755178452      -0.181794900028879     
   5.19045426448186        3.05320839087168      -0.178570571434447     
   5.19045426448186        3.35852922995885      -0.174047031763119     
   5.19045426448186        3.66385006904602      -0.168420808846904     
   5.19045426448186        3.96917090813319      -0.161933274938812     
   5.19045426448186        4.27449174722036      -0.154859914884889     
   5.19045426448186        4.57981258630753      -0.147479807760016     
   5.19045426448186        4.88513342539469      -0.140032572189400     
   5.19045426448186        5.19045426448186      -0.132689172436836     
   5.19045426448186        5.49577510356903      -0.125557115816858     
   5.19045426448186        5.80109594265620      -0.118706903239090     
   5.19045426448186        6.10641678174337      -0.112190869952412     
   5.19045426448186        6.41173762083054      -0.106041900993029     
   5.19045426448186        6.71705845991770      -0.100266231756991     
   5.19045426448186        7.02237929900487      -9.484640942046134E-002
   5.19045426448186        7.32770013809204      -8.974486607583944E-002
   5.49577510356903       0.000000000000000E+000 -0.139265923879090     
   5.49577510356903       0.305320839087168      -0.146063610940491     
   5.49577510356903       0.610641678174337      -0.152087131806444     
   5.49577510356903       0.915962517261505      -0.157226912913895     
   5.49577510356903        1.22128335634867      -0.161486480886687     
   5.49577510356903        1.52660419543584      -0.164963039533211     
   5.49577510356903        1.83192503452301      -0.167593042953163     
   5.49577510356903        2.13724587361018      -0.169164279812773     
   5.49577510356903        2.44256671269735      -0.169466842682659     
   5.49577510356903        2.74788755178452      -0.168391542059065     
   5.49577510356903        3.05320839087168      -0.165943714527834     
   5.49577510356903        3.35852922995885      -0.162217579328842     
   5.49577510356903        3.66385006904602      -0.157378731149957     
   5.49577510356903        3.96917090813319      -0.151658973950986     
   5.49577510356903        4.27449174722036      -0.145341998858105     
   5.49577510356903        4.57981258630753      -0.138725995343136     
   5.49577510356903        4.88513342539469      -0.132070583398775     
   5.49577510356903        5.19045426448186      -0.125556207604702     
   5.49577510356903        5.49577510356903      -0.119277330165908     
   5.49577510356903        5.80109594265620      -0.113263757531538     
   5.49577510356903        6.10641678174337      -0.107506887751411     
   5.49577510356903        6.41173762083054      -0.101975819964312     
   5.49577510356903        6.71705845991770      -9.665125355036168E-002
   5.49577510356903        7.02237929900487      -9.157402383352169E-002
   5.49577510356903        7.32770013809204      -8.678401039128605E-002
   5.80109594265620       0.000000000000000E+000 -0.127647510893934     
   5.80109594265620       0.305320839087168      -0.133563409155000     
   5.80109594265620       0.610641678174337      -0.139372473224744     
   5.80109594265620       0.915962517261505      -0.144568421765713     
   5.80109594265620        1.22128335634867      -0.148853652171508     
   5.80109594265620        1.52660419543584      -0.152236237169849     
   5.80109594265620        1.83192503452301      -0.154771737380236     
   5.80109594265620        2.13724587361018      -0.156365367496110     
   5.80109594265620        2.44256671269735      -0.156845541035529     
   5.80109594265620        2.74788755178452      -0.156096474051636     
   5.80109594265620        3.05320839087168      -0.154099627553872     
   5.80109594265620        3.35852922995885      -0.150925219271896     
   5.80109594265620        3.66385006904602      -0.146715308266726     
   5.80109594265620        3.96917090813319      -0.141678369317176     
   5.80109594265620        4.27449174722036      -0.136086413095161     
   5.80109594265620        4.57981258630753      -0.130237285727061     
   5.80109594265620        4.88513342539469      -0.124387567448951     
   5.80109594265620        5.19045426448186      -0.118705220423003     
   5.80109594265620        5.49577510356903      -0.113263115554688     
   5.80109594265620        5.80109594265620      -0.108063698644124     
   5.80109594265620        6.10641678174337      -0.103066990227208     
   5.80109594265620        6.41173762083054      -9.825300301591448E-002
   5.80109594265620        6.71705845991770      -9.358693610658332E-002
   5.80109594265620        7.02237929900487      -8.905762633830952E-002
   5.80109594265620        7.32770013809204      -8.468062694990562E-002
   6.10641678174337       0.000000000000000E+000 -0.119995533895130     
   6.10641678174337       0.305320839087168      -0.124709772729039     
   6.10641678174337       0.610641678174337      -0.130026845921387     
   6.10641678174337       0.915962517261505      -0.134834376283375     
   6.10641678174337        1.22128335634867      -0.138583275401773     
   6.10641678174337        1.52660419543584      -0.141391960495349     
   6.10641678174337        1.83192503452301      -0.143449272088150     
   6.10641678174337        2.13724587361018      -0.144741934991923     
   6.10641678174337        2.44256671269735      -0.145114529154423     
   6.10641678174337        2.74788755178452      -0.144460281855303     
   6.10641678174337        3.05320839087168      -0.142760190150165     
   6.10641678174337        3.35852922995885      -0.140070447852345     
   6.10641678174337        3.66385006904602      -0.136492596318512     
   6.10641678174337        3.96917090813319      -0.132167650784838     
   6.10641678174337        4.27449174722036      -0.127302108566276     
   6.10641678174337        4.57981258630753      -0.122197502653308     
   6.10641678174337        4.88513342539469      -0.117107718077842     
   6.10641678174337        5.19045426448186      -0.112189128859290     
   6.10641678174337        5.49577510356903      -0.107506396139955     
   6.10641678174337        5.80109594265620      -0.103067154084469     
   6.10641678174337        6.10641678174337      -9.890981356525047E-002
   6.10641678174337        6.41173762083054      -9.495341768321928E-002
   6.10641678174337        6.71705845991770      -9.108330910619367E-002
   6.10641678174337        7.02237929900487      -8.724922480235701E-002
   6.10641678174337        7.32770013809204      -8.338997027929514E-002
   6.41173762083054       0.000000000000000E+000 -0.114986425930731     
   6.41173762083054       0.305320839087168      -0.118284625860423     
   6.41173762083054       0.610641678174337      -0.123194712055220     
   6.41173762083054       0.915962517261505      -0.127324954737696     
   6.41173762083054        1.22128335634867      -0.130043440377686     
   6.41173762083054        1.52660419543584      -0.131871587774481     
   6.41173762083054        1.83192503452301      -0.133172263078581     
   6.41173762083054        2.13724587361018      -0.133969164932563     
   6.41173762083054        2.44256671269735      -0.134099205239864     
   6.41173762083054        2.74788755178452      -0.133457522156141     
   6.41173762083054        3.05320839087168      -0.131967041923377     
   6.41173762083054        3.35852922995885      -0.129682843874204     
   6.41173762083054        3.66385006904602      -0.126779369885643     
   6.41173762083054        3.96917090813319      -0.123305033977130     
   6.41173762083054        4.27449174722036      -0.119254202340501     
   6.41173762083054        4.57981258630753      -0.114816786190211     
   6.41173762083054        4.88513342539469      -0.110346728788720     
   6.41173762083054        5.19045426448186      -0.106041409829928     
   6.41173762083054        5.49577510356903      -0.101976679828460     
   6.41173762083054        5.80109594265620      -9.825436036418848E-002
   6.41173762083054        6.10641678174337      -9.495448001811117E-002
   6.41173762083054        6.41173762083054      -9.187627154838650E-002
   6.41173762083054        6.71705845991770      -8.882049826428061E-002
   6.41173762083054        7.02237929900487      -8.579303151088061E-002
   6.41173762083054        7.32770013809204      -8.266225372394823E-002
   6.71705845991770       0.000000000000000E+000 -0.110962894455695     
   6.71705845991770       0.305320839087168      -0.113017674377020     
   6.71705845991770       0.610641678174337      -0.118086028791866     
   6.71705845991770       0.915962517261505      -0.121115058817728     
   6.71705845991770        1.22128335634867      -0.122426969965763     
   6.71705845991770        1.52660419543584      -0.123152363929405     
   6.71705845991770        1.83192503452301      -0.123682667808556     
   6.71705845991770        2.13724587361018      -0.123999806455042     
   6.71705845991770        2.44256671269735      -0.123909755521945     
   6.71705845991770        2.74788755178452      -0.123244736911895     
   6.71705845991770        3.05320839087168      -0.121893121590306     
   6.71705845991770        3.35852922995885      -0.120093429079780     
   6.71705845991770        3.66385006904602      -0.118047779916126     
   6.71705845991770        3.96917090813319      -0.115523722684699     
   6.71705845991770        4.27449174722036      -0.112223832861216     
   6.71705845991770        4.57981258630753      -0.108252477054300     
   6.71705845991770        4.88513342539469      -0.104162270305400     
   6.71705845991770        5.19045426448186      -0.100268832818553     
   6.71705845991770        5.49577510356903      -9.665487348393188E-002
   6.71705845991770        5.80109594265620      -9.359053721437777E-002
   6.71705845991770        6.10641678174337      -9.108629765232674E-002
   6.71705845991770        6.41173762083054      -8.882252067440495E-002
   6.71705845991770        6.71705845991770      -8.637115483729371E-002
   6.71705845991770        7.02237929900487      -8.398376583001577E-002
   6.71705845991770        7.32770013809204      -8.198529923301349E-002
   7.02237929900487       0.000000000000000E+000 -0.107237474127326     
   7.02237929900487       0.305320839087168      -0.110379140997692     
   7.02237929900487       0.610641678174337      -0.113766504157638     
   7.02237929900487       0.915962517261505      -0.114739306732460     
   7.02237929900487        1.22128335634867      -0.114817682339108     
   7.02237929900487        1.52660419543584      -0.114793390097457     
   7.02237929900487        1.83192503452301      -0.114843601285923     
   7.02237929900487        2.13724587361018      -0.114874507554436     
   7.02237929900487        2.44256671269735      -0.114683950927641     
   7.02237929900487        2.74788755178452      -0.114086590775609     
   7.02237929900487        3.05320839087168      -0.113155624626738     
   7.02237929900487        3.35852922995885      -0.112360834424789     
   7.02237929900487        3.66385006904602      -0.111565744629777     
   7.02237929900487        3.96917090813319      -0.109531314554451     
   7.02237929900487        4.27449174722036      -0.106550843207622     
   7.02237929900487        4.57981258630753      -0.102598190065125     
   7.02237929900487        4.88513342539469      -9.852982922715448E-002
   7.02237929900487        5.19045426448186      -9.485406425648001E-002
   7.02237929900487        5.49577510356903      -9.158157575165284E-002
   7.02237929900487        5.80109594265620      -8.906416793445777E-002
   7.02237929900487        6.10641678174337      -8.725450318607009E-002
   7.02237929900487        6.41173762083054      -8.579751561014956E-002
   7.02237929900487        6.71705845991770      -8.398766603932808E-002
   7.02237929900487        7.02237929900487      -8.184375359605092E-002
   7.02237929900487        7.32770013809204      -8.063834696164192E-002
   7.32770013809204       0.000000000000000E+000 -0.104730508589668     
   7.32770013809204       0.305320839087168      -0.107522758023286     
   7.32770013809204       0.610641678174337      -0.107285785011753     
   7.32770013809204       0.915962517261505      -0.107020406925178     
   7.32770013809204        1.22128335634867      -0.106762655310133     
   7.32770013809204        1.52660419543584      -0.106620585444273     
   7.32770013809204        1.83192503452301      -0.106589423692297     
   7.32770013809204        2.13724587361018      -0.106579416336506     
   7.32770013809204        2.44256671269735      -0.106435695858782     
   7.32770013809204        2.74788755178452      -0.106158448413608     
   7.32770013809204        3.05320839087168      -0.105993941833030     
   7.32770013809204        3.35852922995885      -0.106355706325649     
   7.32770013809204        3.66385006904602      -0.106475223563649     
   7.32770013809204        3.96917090813319      -0.104476010071637     
   7.32770013809204        4.27449174722036      -0.101668999482822     
   7.32770013809204        4.57981258630753      -9.747093245834207E-002
   7.32770013809204        4.88513342539469      -9.329607701058880E-002
   7.32770013809204        5.19045426448186      -8.975855406553346E-002
   7.32770013809204        5.49577510356903      -8.679584068034719E-002
   7.32770013809204        5.80109594265620      -8.469010319026896E-002
   7.32770013809204        6.10641678174337      -8.339703143490104E-002
   7.32770013809204        6.41173762083054      -8.266769331499435E-002
   7.32770013809204        6.71705845991770      -8.199025326233114E-002
   7.32770013809204        7.02237929900487      -8.064114967072677E-002
   7.32770013809204        7.32770013809204      -7.773450736494694E-002
