  0.000000000000000E+000  0.000000000000000E+000 -0.127825807763208     
  0.000000000000000E+000  0.305320839087168      -0.132778649630490     
  0.000000000000000E+000  0.610641678174337      -0.136167158162892     
  0.000000000000000E+000  0.915962517261505      -0.139008186742160     
  0.000000000000000E+000   1.22128335634867      -0.142119642556255     
  0.000000000000000E+000   1.52660419543584      -0.146087511783086     
  0.000000000000000E+000   1.83192503452301      -0.151176224380944     
  0.000000000000000E+000   2.13724587361018      -0.157446052771212     
  0.000000000000000E+000   2.44256671269735      -0.164768736930555     
  0.000000000000000E+000   2.74788755178452      -0.172939131284577     
  0.000000000000000E+000   3.05320839087168      -0.179915138700789     
  0.000000000000000E+000   3.35852922995885      -0.181892604873265     
  0.000000000000000E+000   3.66385006904602      -0.180166845177461     
  0.000000000000000E+000   3.96917090813319      -0.181888721010010     
  0.000000000000000E+000   4.27449174722036      -0.179908462455761     
  0.000000000000000E+000   4.57981258630753      -0.172932262390712     
  0.000000000000000E+000   4.88513342539469      -0.164762946418466     
  0.000000000000000E+000   5.19045426448186      -0.157441404849283     
  0.000000000000000E+000   5.49577510356903      -0.151172115961635     
  0.000000000000000E+000   5.80109594265620      -0.146083497695901     
  0.000000000000000E+000   6.10641678174337      -0.142114548657217     
  0.000000000000000E+000   6.41173762083054      -0.138999558406782     
  0.000000000000000E+000   6.71705845991770      -0.136152588350915     
  0.000000000000000E+000   7.02237929900487      -0.132764905225537     
  0.000000000000000E+000   7.32770013809204      -0.127823824403254     
  0.305320839087168       0.000000000000000E+000 -0.132779065105072     
  0.305320839087168       0.305320839087168      -0.136289589667167     
  0.305320839087168       0.610641678174337      -0.141965193460855     
  0.305320839087168       0.915962517261505      -0.147453946375275     
  0.305320839087168        1.22128335634867      -0.152220400312160     
  0.305320839087168        1.52660419543584      -0.157340734479155     
  0.305320839087168        1.83192503452301      -0.163335148929607     
  0.305320839087168        2.13724587361018      -0.170231028586069     
  0.305320839087168        2.44256671269735      -0.177560481415874     
  0.305320839087168        2.74788755178452      -0.184527732584375     
  0.305320839087168        3.05320839087168      -0.188633262591082     
  0.305320839087168        3.35852922995885      -0.187330359603002     
  0.305320839087168        3.66385006904602      -0.184561956685482     
  0.305320839087168        3.96917090813319      -0.187345532247511     
  0.305320839087168        4.27449174722036      -0.188645402013133     
  0.305320839087168        4.57981258630753      -0.184533430676670     
  0.305320839087168        4.88513342539469      -0.177561828294372     
  0.305320839087168        5.19045426448186      -0.170230131116446     
  0.305320839087168        5.49577510356903      -0.163332614848109     
  0.305320839087168        5.80109594265620      -0.157335999962059     
  0.305320839087168        6.10641678174337      -0.152210884977687     
  0.305320839087168        6.41173762083054      -0.147433400458157     
  0.305320839087168        6.71705845991770      -0.141924342826373     
  0.305320839087168        7.02237929900487      -0.136236428697803     
  0.305320839087168        7.32770013809204      -0.132765366683068     
  0.610641678174337       0.000000000000000E+000 -0.136166085755842     
  0.610641678174337       0.305320839087168      -0.141963238413143     
  0.610641678174337       0.610641678174337      -0.149045713973042     
  0.610641678174337       0.915962517261505      -0.156122264662175     
  0.610641678174337        1.22128335634867      -0.162600875276165     
  0.610641678174337        1.52660419543584      -0.169209045014957     
  0.610641678174337        1.83192503452301      -0.176408409594003     
  0.610641678174337        2.13724587361018      -0.184121363792093     
  0.610641678174337        2.44256671269735      -0.191660130507259     
  0.610641678174337        2.74788755178452      -0.197932234551190     
  0.610641678174337        3.05320839087168      -0.200586922813461     
  0.610641678174337        3.35852922995885      -0.198660512232422     
  0.610641678174337        3.66385006904602      -0.196489538960291     
  0.610641678174337        3.96917090813319      -0.198675881274957     
  0.610641678174337        4.27449174722036      -0.200603888407983     
  0.610641678174337        4.57981258630753      -0.197943544701246     
  0.610641678174337        4.88513342539469      -0.191665649602783     
  0.610641678174337        5.19045426448186      -0.184123320364394     
  0.610641678174337        5.49577510356903      -0.176407519750696     
  0.610641678174337        5.80109594265620      -0.169204863154595     
  0.610641678174337        6.10641678174337      -0.162591240713884     
  0.610641678174337        6.41173762083054      -0.156102479303606     
  0.610641678174337        6.71705845991770      -0.149011052633936     
  0.610641678174337        7.02237929900487      -0.141922327988395     
  0.610641678174337        7.32770013809204      -0.136151660363092     
  0.915962517261505       0.000000000000000E+000 -0.139006871663834     
  0.915962517261505       0.305320839087168      -0.147452786233569     
  0.915962517261505       0.610641678174337      -0.156122091136572     
  0.915962517261505       0.915962517261505      -0.164715758288902     
  0.915962517261505        1.22128335634867      -0.173090553622105     
  0.915962517261505        1.52660419543584      -0.181580254302872     
  0.915962517261505        1.83192503452301      -0.190457161402654     
  0.915962517261505        2.13724587361018      -0.199606368227983     
  0.915962517261505        2.44256671269735      -0.208304254023711     
  0.915962517261505        2.74788755178452      -0.215573224634037     
  0.915962517261505        3.05320839087168      -0.219973758437267     
  0.915962517261505        3.35852922995885      -0.221025188007548     
  0.915962517261505        3.66385006904602      -0.220808182963308     
  0.915962517261505        3.96917090813319      -0.221035347959612     
  0.915962517261505        4.27449174722036      -0.219986850987660     
  0.915962517261505        4.57981258630753      -0.215583328599106     
  0.915962517261505        4.88513342539469      -0.208310499261715     
  0.915962517261505        5.19045426448186      -0.199609513948016     
  0.915962517261505        5.49577510356903      -0.190457439559523     
  0.915962517261505        5.80109594265620      -0.181577356995531     
  0.915962517261505        6.10641678174337      -0.173083465260194     
  0.915962517261505        6.41173762083054      -0.164702544259305     
  0.915962517261505        6.71705845991770      -0.156102081196820     
  0.915962517261505        7.02237929900487      -0.147431899512767     
  0.915962517261505        7.32770013809204      -0.138998006357392     
   1.22128335634867       0.000000000000000E+000 -0.142119185191432     
   1.22128335634867       0.305320839087168      -0.152220525047149     
   1.22128335634867       0.610641678174337      -0.162601498420473     
   1.22128335634867       0.915962517261505      -0.173091078423631     
   1.22128335634867        1.22128335634867      -0.183632175720743     
   1.22128335634867        1.52660419543584      -0.194348985981363     
   1.22128335634867        1.83192503452301      -0.205404740007530     
   1.22128335634867        2.13724587361018      -0.216602330254508     
   1.22128335634867        2.44256671269735      -0.227217133090146     
   1.22128335634867        2.74788755178452      -0.236394585479512     
   1.22128335634867        3.05320839087168      -0.243232701907466     
   1.22128335634867        3.35852922995885      -0.247158570384712     
   1.22128335634867        3.66385006904602      -0.248356887796359     
   1.22128335634867        3.96917090813319      -0.247163932876710     
   1.22128335634867        4.27449174722036      -0.243240131692078     
   1.22128335634867        4.57981258630753      -0.236401300661973     
   1.22128335634867        4.88513342539469      -0.227222034554652     
   1.22128335634867        5.19045426448186      -0.216605160745110     
   1.22128335634867        5.49577510356903      -0.205405462707760     
   1.22128335634867        5.80109594265620      -0.194347437205165     
   1.22128335634867        6.10641678174337      -0.183628034828357     
   1.22128335634867        6.41173762083054      -0.173083858834299     
   1.22128335634867        6.71705845991770      -0.162591525145589     
   1.22128335634867        7.02237929900487      -0.152210524684356     
   1.22128335634867        7.32770013809204      -0.142113613216394     
   1.52660419543584       0.000000000000000E+000 -0.146088546775352     
   1.52660419543584       0.305320839087168      -0.157342151621233     
   1.52660419543584       0.610641678174337      -0.169210520322410     
   1.52660419543584       0.915962517261505      -0.181581330572406     
   1.52660419543584        1.22128335634867      -0.194349443602463     
   1.52660419543584        1.52660419543584      -0.207504448536249     
   1.52660419543584        1.83192503452301      -0.221050235900943     
   1.52660419543584        2.13724587361018      -0.234534378028685     
   1.52660419543584        2.44256671269735      -0.247313417501519     
   1.52660419543584        2.74788755178452      -0.258586493467117     
   1.52660419543584        3.05320839087168      -0.267449037711450     
   1.52660419543584        3.35852922995885      -0.273089630491088     
   1.52660419543584        3.66385006904602      -0.275018096884313     
   1.52660419543584        3.96917090813319      -0.273091966681593     
   1.52660419543584        4.27449174722036      -0.267452577027143     
   1.52660419543584        4.57981258630753      -0.258589945122515     
   1.52660419543584        4.88513342539469      -0.247316034950800     
   1.52660419543584        5.19045426448186      -0.234535966324193     
   1.52660419543584        5.49577510356903      -0.221050834622679     
   1.52660419543584        5.80109594265620      -0.207504086667655     
   1.52660419543584        6.10641678174337      -0.194347908373342     
   1.52660419543584        6.41173762083054      -0.181578336575174     
   1.52660419543584        6.71705845991770      -0.169206050949356     
   1.52660419543584        7.02237929900487      -0.157336957029991     
   1.52660419543584        7.32770013809204      -0.146083982534781     
   1.83192503452301       0.000000000000000E+000 -0.151179220403370     
   1.83192503452301       0.305320839087168      -0.163337901751617     
   1.83192503452301       0.610641678174337      -0.176410508237028     
   1.83192503452301       0.915962517261505      -0.190458407794195     
   1.83192503452301        1.22128335634867      -0.205405274120056     
   1.83192503452301        1.52660419543584      -0.221050363939644     
   1.83192503452301        1.83192503452301      -0.236973645318733     
   1.83192503452301        2.13724587361018      -0.252625558722280     
   1.83192503452301        2.44256671269735      -0.267372959591285     
   1.83192503452301        2.74788755178452      -0.280437499547983     
   1.83192503452301        3.05320839087168      -0.290857105926208     
   1.83192503452301        3.35852922995885      -0.297623430052780     
   1.83192503452301        3.66385006904602      -0.299972423659217     
   1.83192503452301        3.96917090813319      -0.297624020179675     
   1.83192503452301        4.27449174722036      -0.290857905225666     
   1.83192503452301        4.57981258630753      -0.280438076792946     
   1.83192503452301        4.88513342539469      -0.267373195302080     
   1.83192503452301        5.19045426448186      -0.252625651110056     
   1.83192503452301        5.49577510356903      -0.236973960430775     
   1.83192503452301        5.80109594265620      -0.221051047271453     
   1.83192503452301        6.10641678174337      -0.205406119270609     
   1.83192503452301        6.41173762083054      -0.190458736280491     
   1.83192503452301        6.71705845991770      -0.176409493212160     
   1.83192503452301        7.02237929900487      -0.163335035836054     
   1.83192503452301        7.32770013809204      -0.151174599227862     
   2.13724587361018       0.000000000000000E+000 -0.157451696172051     
   2.13724587361018       0.305320839087168      -0.170235304839234     
   2.13724587361018       0.610641678174337      -0.184123829837108     
   2.13724587361018       0.915962517261505      -0.199607365546163     
   2.13724587361018        1.22128335634867      -0.216602500181710     
   2.13724587361018        1.52660419543584      -0.234534256192473     
   2.13724587361018        1.83192503452301      -0.252625442184587     
   2.13724587361018        2.13724587361018      -0.270137181467060     
   2.13724587361018        2.44256671269735      -0.286409062349722     
   2.13724587361018        2.74788755178452      -0.300713571795266     
   2.13724587361018        3.05320839087168      -0.312108684029324     
   2.13724587361018        3.35852922995885      -0.319521262082014     
   2.13724587361018        3.66385006904602      -0.322097288889592     
   2.13724587361018        3.96917090813319      -0.319520705631510     
   2.13724587361018        4.27449174722036      -0.312107567831457     
   2.13724587361018        4.57981258630753      -0.300711978553717     
   2.13724587361018        4.88513342539469      -0.286407396145428     
   2.13724587361018        5.19045426448186      -0.270136107403254     
   2.13724587361018        5.49577510356903      -0.252625623180616     
   2.13724587361018        5.80109594265620      -0.234536015697905     
   2.13724587361018        6.10641678174337      -0.216605560957579     
   2.13724587361018        6.41173762083054      -0.199610716137349     
   2.13724587361018        6.71705845991770      -0.184125838248812     
   2.13724587361018        7.02237929900487      -0.170234235545186     
   2.13724587361018        7.32770013809204      -0.157446643434262     
   2.44256671269735       0.000000000000000E+000 -0.164778523232016     
   2.44256671269735       0.305320839087168      -0.177566801744578     
   2.44256671269735       0.610641678174337      -0.191662471285638     
   2.44256671269735       0.915962517261505      -0.208304150210656     
   2.44256671269735        1.22128335634867      -0.227216178473457     
   2.44256671269735        1.52660419543584      -0.247312532461118     
   2.44256671269735        1.83192503452301      -0.267372464406390     
   2.44256671269735        2.13724587361018      -0.286408911399542     
   2.44256671269735        2.44256671269735      -0.303717050679687     
   2.44256671269735        2.74788755178452      -0.318665919796525     
   2.44256671269735        3.05320839087168      -0.330448411309339     
   2.44256671269735        3.35852922995885      -0.338073672408356     
   2.44256671269735        3.66385006904602      -0.340717049615742     
   2.44256671269735        3.96917090813319      -0.338072506451854     
   2.44256671269735        4.27449174722036      -0.330446229303052     
   2.44256671269735        4.57981258630753      -0.318663115355577     
   2.44256671269735        4.88513342539469      -0.303714373412078     
   2.44256671269735        5.19045426448186      -0.286407284232356     
   2.44256671269735        5.49577510356903      -0.267372842361280     
   2.44256671269735        5.80109594265620      -0.247315385589279     
   2.44256671269735        6.10641678174337      -0.227221384635939     
   2.44256671269735        6.41173762083054      -0.208310692692165     
   2.44256671269735        6.71705845991770      -0.191668155432231     
   2.44256671269735        7.02237929900487      -0.177568079661031     
   2.44256671269735        7.32770013809204      -0.164772408148065     
   2.74788755178452       0.000000000000000E+000 -0.172953642958498     
   2.74788755178452       0.305320839087168      -0.184535314970003     
   2.74788755178452       0.610641678174337      -0.197932774552502     
   2.74788755178452       0.915962517261505      -0.215570361032014     
   2.74788755178452        1.22128335634867      -0.236391415150068     
   2.74788755178452        1.52660419543584      -0.258584249684065     
   2.74788755178452        1.83192503452301      -0.280436359183877     
   2.74788755178452        2.13724587361018      -0.300713241466930     
   2.74788755178452        2.44256671269735      -0.318665950902416     
   2.74788755178452        2.74788755178452      -0.333789827840524     
   2.74788755178452        3.05320839087168      -0.345515098507974     
   2.74788755178452        3.35852922995885      -0.353063147101965     
   2.74788755178452        3.66385006904602      -0.355682227075775     
   2.74788755178452        3.96917090813319      -0.353061813496484     
   2.74788755178452        4.27449174722036      -0.345512677414876     
   2.74788755178452        4.57981258630753      -0.333786805999474     
   2.74788755178452        4.88513342539469      -0.318663135859610     
   2.74788755178452        5.19045426448186      -0.300711667055141     
   2.74788755178452        5.49577510356903      -0.280437052269698     
   2.74788755178452        5.80109594265620      -0.258587923836610     
   2.74788755178452        6.10641678174337      -0.236398432337538     
   2.74788755178452        6.41173762083054      -0.215580763084174     
   2.74788755178452        6.71705845991770      -0.197944269265755     
   2.74788755178452        7.02237929900487      -0.184540929474320     
   2.74788755178452        7.32770013809204      -0.172946468733369     
   3.05320839087168       0.000000000000000E+000 -0.179931259118115     
   3.05320839087168       0.305320839087168      -0.188637662669728     
   3.05320839087168       0.610641678174337      -0.200581348629317     
   3.05320839087168       0.915962517261505      -0.219965505914358     
   3.05320839087168        1.22128335634867      -0.243226181740115     
   3.05320839087168        1.52660419543584      -0.267445008308168     
   3.05320839087168        1.83192503452301      -0.290855166073821     
   3.05320839087168        2.13724587361018      -0.312108155508764     
   3.05320839087168        2.44256671269735      -0.330448567384883     
   3.05320839087168        2.74788755178452      -0.345515345293056     
   3.05320839087168        3.05320839087168      -0.357027606155418     
   3.05320839087168        3.35852922995885      -0.364465150841762     
   3.05320839087168        3.66385006904602      -0.367076882114770     
   3.05320839087168        3.96917090813319      -0.364464067428195     
   3.05320839087168        4.27449174722036      -0.357025649881602     
   3.05320839087168        4.57981258630753      -0.345512893156716     
   3.05320839087168        4.88513342539469      -0.330446320820773     
   3.05320839087168        5.19045426448186      -0.312107018350260     
   3.05320839087168        5.49577510356903      -0.290856007853143     
   3.05320839087168        5.80109594265620      -0.267448688246184     
   3.05320839087168        6.10641678174337      -0.243233827969632     
   3.05320839087168        6.41173762083054      -0.219978833220784     
   3.05320839087168        6.71705845991770      -0.200598432036435     
   3.05320839087168        7.02237929900487      -0.188649592487860     
   3.05320839087168        7.32770013809204      -0.179924198036000     
   3.35852922995885       0.000000000000000E+000 -0.181901679719824     
   3.35852922995885       0.305320839087168      -0.187324527636124     
   3.35852922995885       0.610641678174337      -0.198644900551763     
   3.35852922995885       0.915962517261505      -0.221010266591013     
   3.35852922995885        1.22128335634867      -0.247148476507878     
   3.35852922995885        1.52660419543584      -0.273083971747138     
   3.35852922995885        1.83192503452301      -0.297620808544704     
   3.35852922995885        2.13724587361018      -0.319520573606508     
   3.35852922995885        2.44256671269735      -0.338073953781478     
   3.35852922995885        2.74788755178452      -0.353063652161554     
   3.35852922995885        3.05320839087168      -0.364465449822558     
   3.35852922995885        3.35852922995885      -0.371960815121705     
   3.35852922995885        3.66385006904602      -0.374663470367273     
   3.35852922995885        3.96917090813319      -0.371960228348356     
   3.35852922995885        4.27449174722036      -0.364464329106645     
   3.35852922995885        4.57981258630753      -0.353062300377426     
   3.35852922995885        4.88513342539469      -0.338072670086285     
   3.35852922995885        5.19045426448186      -0.319519928535165     
   3.35852922995885        5.49577510356903      -0.297621363090135     
   3.35852922995885        5.80109594265620      -0.273086297977670     
   3.35852922995885        6.10641678174337      -0.247153827386661     
   3.35852922995885        6.41173762083054      -0.221020460225526     
   3.35852922995885        6.71705845991770      -0.198660167033485     
   3.35852922995885        7.02237929900487      -0.187339166223481     
   3.35852922995885        7.32770013809204      -0.181897293478079     
   3.66385006904602       0.000000000000000E+000 -0.180165437709389     
   3.66385006904602       0.305320839087168      -0.184547977919844     
   3.66385006904602       0.610641678174337      -0.196468163996534     
   3.66385006904602       0.915962517261505      -0.220790078812947     
   3.66385006904602        1.22128335634867      -0.248345235317222     
   3.66385006904602        1.52660419543584      -0.275011803659057     
   3.66385006904602        1.83192503452301      -0.299969560325055     
   3.66385006904602        2.13724587361018      -0.322096555914765     
   3.66385006904602        2.44256671269735      -0.340717391455492     
   3.66385006904602        2.74788755178452      -0.355682843410415     
   3.66385006904602        3.05320839087168      -0.367077311560677     
   3.66385006904602        3.35852922995885      -0.374663605345103     
   3.66385006904602        3.66385006904602      -0.377449396789602     
   3.66385006904602        3.96917090813319      -0.374663569557369     
   3.66385006904602        4.27449174722036      -0.367077273196060     
   3.66385006904602        4.57981258630753      -0.355682772811047     
   3.66385006904602        4.88513342539469      -0.340717245996947     
   3.66385006904602        5.19045426448186      -0.322096417737310     
   3.66385006904602        5.49577510356903      -0.299969374521040     
   3.66385006904602        5.80109594265620      -0.275011634918029     
   3.66385006904602        6.10641678174337      -0.248344944374756     
   3.66385006904602        6.41173762083054      -0.220789677826934     
   3.66385006904602        6.71705845991770      -0.196467413640675     
   3.66385006904602        7.02237929900487      -0.184546647028233     
   3.66385006904602        7.32770013809204      -0.180164738652989     
   3.96917090813319       0.000000000000000E+000 -0.181897960892145     
   3.96917090813319       0.305320839087168      -0.187340082532022     
   3.96917090813319       0.610641678174337      -0.198660623191300     
   3.96917090813319       0.915962517261505      -0.221020696612296     
   3.96917090813319        1.22128335634867      -0.247154042930522     
   3.96917090813319        1.52660419543584      -0.273086452396837     
   3.96917090813319        1.83192503452301      -0.297621493130198     
   3.96917090813319        2.13724587361018      -0.319520071147156     
   3.96917090813319        2.44256671269735      -0.338072813137357     
   3.96917090813319        2.74788755178452      -0.353062327734629     
   3.96917090813319        3.05320839087168      -0.364464370600343     
   3.96917090813319        3.35852922995885      -0.371960235036099     
   3.96917090813319        3.66385006904602      -0.374663445074864     
   3.96917090813319        3.96917090813319      -0.371960819410307     
   3.96917090813319        4.27449174722036      -0.364465425918361     
   3.96917090813319        4.57981258630753      -0.353063618706445     
   3.96917090813319        4.88513342539469      -0.338073852475058     
   3.96917090813319        5.19045426448186      -0.319520473639683     
   3.96917090813319        5.49577510356903      -0.297620684842975     
   3.96917090813319        5.80109594265620      -0.273083783578065     
   3.96917090813319        6.10641678174337      -0.247148103664259     
   3.96917090813319        6.41173762083054      -0.221009649153523     
   3.96917090813319        6.71705845991770      -0.198643771289827     
   3.96917090813319        7.02237929900487      -0.187322857131960     
   3.96917090813319        7.32770013809204      -0.181900276659109     
   4.27449174722036       0.000000000000000E+000 -0.179924873924164     
   4.27449174722036       0.305320839087168      -0.188650342554831     
   4.27449174722036       0.610641678174337      -0.200598854886641     
   4.27449174722036       0.915962517261505      -0.219979048509179     
   4.27449174722036        1.22128335634867      -0.243233954164546     
   4.27449174722036        1.52660419543584      -0.267448791275115     
   4.27449174722036        1.83192503452301      -0.290856119365526     
   4.27449174722036        2.13724587361018      -0.312107118180942     
   4.27449174722036        2.44256671269735      -0.330446410690093     
   4.27449174722036        2.74788755178452      -0.345512920752260     
   4.27449174722036        3.05320839087168      -0.357025640990801     
   4.27449174722036        3.35852922995885      -0.364464032643021     
   4.27449174722036        3.66385006904602      -0.367076862348918     
   4.27449174722036        3.96917090813319      -0.364465144276306     
   4.27449174722036        4.27449174722036      -0.357027630742165     
   4.27449174722036        4.57981258630753      -0.345515332188006     
   4.27449174722036        4.88513342539469      -0.330448608973453     
   4.27449174722036        5.19045426448186      -0.312108136577259     
   4.27449174722036        5.49577510356903      -0.290855122479512     
   4.27449174722036        5.80109594265620      -0.267444885168481     
   4.27449174722036        6.10641678174337      -0.243225862293998     
   4.27449174722036        6.41173762083054      -0.219964819632772     
   4.27449174722036        6.71705845991770      -0.200580196763769     
   4.27449174722036        7.02237929900487      -0.188636143865582     
   4.27449174722036        7.32770013809204      -0.179929925286881     
   4.57981258630753       0.000000000000000E+000 -0.172946942402952     
   4.57981258630753       0.305320839087168      -0.184541469414296     
   4.57981258630753       0.610641678174337      -0.197944617136705     
   4.57981258630753       0.915962517261505      -0.215580941157123     
   4.57981258630753        1.22128335634867      -0.236398508542992     
   4.57981258630753        1.52660419543584      -0.258587969888767     
   4.57981258630753        1.83192503452301      -0.280437091001484     
   4.57981258630753        2.13724587361018      -0.300711702077686     
   4.57981258630753        2.44256671269735      -0.318663128088072     
   4.57981258630753        2.74788755178452      -0.333786752297235     
   4.57981258630753        3.05320839087168      -0.345512594823688     
   4.57981258630753        3.35852922995885      -0.353061775354296     
   4.57981258630753        3.66385006904602      -0.355682179662498     
   4.57981258630753        3.96917090813319      -0.353063155488090     
   4.57981258630753        4.27449174722036      -0.345515122059758     
   4.57981258630753        4.57981258630753      -0.333789918587587     
   4.57981258630753        4.88513342539469      -0.318666061540672     
   4.57981258630753        5.19045426448186      -0.300713320817085     
   4.57981258630753        5.49577510356903      -0.280436435417000     
   4.57981258630753        5.80109594265620      -0.258584231488146     
   4.57981258630753        6.10641678174337      -0.236391229085723     
   4.57981258630753        6.41173762083054      -0.215569866507092     
   4.57981258630753        6.71705845991770      -0.197931920739516     
   4.57981258630753        7.02237929900487      -0.184534235094488     
   4.57981258630753        7.32770013809204      -0.172952625145766     
   4.88513342539469       0.000000000000000E+000 -0.164772663683773     
   4.88513342539469       0.305320839087168      -0.177568363863732     
   4.88513342539469       0.610641678174337      -0.191668334820850     
   4.88513342539469       0.915962517261505      -0.208310763263990     
   4.88513342539469        1.22128335634867      -0.227221397562133     
   4.88513342539469        1.52660419543584      -0.247315365905040     
   4.88513342539469        1.83192503452301      -0.267372791307090     
   4.88513342539469        2.13724587361018      -0.286407219013494     
   4.88513342539469        2.44256671269735      -0.303714262779919     
   4.88513342539469        2.74788755178452      -0.318662958813102     
   4.88513342539469        3.05320839087168      -0.330446037587287     
   4.88513342539469        3.35852922995885      -0.338072326114462     
   4.88513342539469        3.66385006904602      -0.340716928695821     
   4.88513342539469        3.96917090813319      -0.338073643860927     
   4.88513342539469        4.27449174722036      -0.330448544753525     
   4.88513342539469        4.57981258630753      -0.318666099006932     
   4.88513342539469        4.88513342539469      -0.303717310304260     
   4.88513342539469        5.19045426448186      -0.286409158420861     
   4.88513342539469        5.49577510356903      -0.267372693198375     
   4.88513342539469        5.80109594265620      -0.247312665278452     
   4.88513342539469        6.10641678174337      -0.227216149467677     
   4.88513342539469        6.41173762083054      -0.208303939101221     
   4.88513342539469        6.71705845991770      -0.191662022739427     
   4.88513342539469        7.02237929900487      -0.177566175238617     
   4.88513342539469        7.32770013809204      -0.164777849349673     
   5.19045426448186       0.000000000000000E+000 -0.157446716326452     
   5.19045426448186       0.305320839087168      -0.170234336971572     
   5.19045426448186       0.610641678174337      -0.184125900839426     
   5.19045426448186       0.915962517261505      -0.199610713058932     
   5.19045426448186        1.22128335634867      -0.216605523498699     
   5.19045426448186        1.52660419543584      -0.234535952026138     
   5.19045426448186        1.83192503452301      -0.252625515539584     
   5.19045426448186        2.13724587361018      -0.270135960861559     
   5.19045426448186        2.44256671269735      -0.286407196360879     
   5.19045426448186        2.74788755178452      -0.300711727325823     
   5.19045426448186        3.05320839087168      -0.312107318033888     
   5.19045426448186        3.35852922995885      -0.319520495019308     
   5.19045426448186        3.66385006904602      -0.322097173536699     
   5.19045426448186        3.96917090813319      -0.319521267973426     
   5.19045426448186        4.27449174722036      -0.312108822995635     
   5.19045426448186        4.57981258630753      -0.300713810255100     
   5.19045426448186        4.88513342539469      -0.286409412454929     
   5.19045426448186        5.19045426448186      -0.270137553191250     
   5.19045426448186        5.49577510356903      -0.252625810431505     
   5.19045426448186        5.80109594265620      -0.234534534784523     
   5.19045426448186        6.10641678174337      -0.216602668239161     
   5.19045426448186        6.41173762083054      -0.199607376181318     
   5.19045426448186        6.71705845991770      -0.184123675912935     
   5.19045426448186        7.02237929900487      -0.170235001570654     
   5.19045426448186        7.32770013809204      -0.157451298366421     
   5.49577510356903       0.000000000000000E+000 -0.151174586346136     
   5.49577510356903       0.305320839087168      -0.163335051503528     
   5.49577510356903       0.610641678174337      -0.176409494225619     
   5.49577510356903       0.915962517261505      -0.190458695680863     
   5.49577510356903        1.22128335634867      -0.205406041930246     
   5.49577510356903        1.52660419543584      -0.221050945839243     
   5.49577510356903        1.83192503452301      -0.236973820985198     
   5.49577510356903        2.13724587361018      -0.252625465790389     
   5.49577510356903        2.44256671269735      -0.267372963730830     
   5.49577510356903        2.74788755178452      -0.280437789398957     
   5.49577510356903        3.05320839087168      -0.290857605320589     
   5.49577510356903        3.35852922995885      -0.297623791457236     
   5.49577510356903        3.66385006904602      -0.299972253192266     
   5.49577510356903        3.96917090813319      -0.297623439259202     
   5.49577510356903        4.27449174722036      -0.290857284449254     
   5.49577510356903        4.57981258630753      -0.280437830949053     
   5.49577510356903        4.88513342539469      -0.267373409784822     
   5.49577510356903        5.19045426448186      -0.252626056517898     
   5.49577510356903        5.49577510356903      -0.236974141928282     
   5.49577510356903        5.80109594265620      -0.221050785342478     
   5.49577510356903        6.10641678174337      -0.205405620058262     
   5.49577510356903        6.41173762083054      -0.190458636436470     
   5.49577510356903        6.71705845991770      -0.176410606982933     
   5.49577510356903        7.02237929900487      -0.163337868396201     
   5.49577510356903        7.32770013809204      -0.151179054990647     
   5.80109594265620       0.000000000000000E+000 -0.146083930882793     
   5.80109594265620       0.305320839087168      -0.157336949209074     
   5.80109594265620       0.610641678174337      -0.169206032207068     
   5.80109594265620       0.915962517261505      -0.181578276391721     
   5.80109594265620        1.22128335634867      -0.194347816740674     
   5.80109594265620        1.52660419543584      -0.207503980818734     
   5.80109594265620        1.83192503452301      -0.221050697688841     
   5.80109594265620        2.13724587361018      -0.234535774000875     
   5.80109594265620        2.44256671269735      -0.247315794226746     
   5.80109594265620        2.74788755178452      -0.258589651030819     
   5.80109594265620        3.05320839087168      -0.267452263287986     
   5.80109594265620        3.35852922995885      -0.273091678626276     
   5.80109594265620        3.66385006904602      -0.275017919796544     
   5.80109594265620        3.96917090813319      -0.273089586020690     
   5.80109594265620        4.27449174722036      -0.267449189431331     
   5.80109594265620        4.57981258630753      -0.258586819954908     
   5.80109594265620        4.88513342539469      -0.247313889413833     
   5.80109594265620        5.19045426448186      -0.234534923412680     
   5.80109594265620        5.49577510356903      -0.221050805006812     
   5.80109594265620        5.80109594265620      -0.207505013086774     
   5.80109594265620        6.10641678174337      -0.194349948942201     
   5.80109594265620        6.41173762083054      -0.181581743391450     
   5.80109594265620        6.71705845991770      -0.169210809487773     
   5.80109594265620        7.02237929900487      -0.157342323532139     
   5.80109594265620        7.32770013809204      -0.146088582971985     
   6.10641678174337       0.000000000000000E+000 -0.142113609733216     
   6.10641678174337       0.305320839087168      -0.152210565576906     
   6.10641678174337       0.610641678174337      -0.162591530550496     
   6.10641678174337       0.915962517261505      -0.173083805840713     
   6.10641678174337        1.22128335634867      -0.183627943067783     
   6.10641678174337        1.52660419543584      -0.194347346809826     
   6.10641678174337        1.83192503452301      -0.205405368425328     
   6.10641678174337        2.13724587361018      -0.216605020645889     
   6.10641678174337        2.44256671269735      -0.227221832754547     
   6.10641678174337        2.74788755178452      -0.236401018718444     
   6.10641678174337        3.05320839087168      -0.243239781697234     
   6.10641678174337        3.35852922995885      -0.247163513699746     
   6.10641678174337        3.66385006904602      -0.248356517611872     
   6.10641678174337        3.96917090813319      -0.247158326941020     
   6.10641678174337        4.27449174722036      -0.243232705374569     
   6.10641678174337        4.57981258630753      -0.236394833331951     
   6.10641678174337        4.88513342539469      -0.227217560138999     
   6.10641678174337        5.19045426448186      -0.216602904057452     
   6.10641678174337        5.49577510356903      -0.205405390934877     
   6.10641678174337        5.80109594265620      -0.194349662282879     
   6.10641678174337        6.10641678174337      -0.183632793926382     
   6.10641678174337        6.41173762083054      -0.173091603490179     
   6.10641678174337        6.71705845991770      -0.162601930329859     
   6.10641678174337        7.02237929900487      -0.152220873391520     
   6.10641678174337        7.32770013809204      -0.142119429850265     
   6.41173762083054       0.000000000000000E+000 -0.138998194119331     
   6.41173762083054       0.305320839087168      -0.147432083248659     
   6.41173762083054       0.610641678174337      -0.156102147792485     
   6.41173762083054       0.915962517261505      -0.164702510223631     
   6.41173762083054        1.22128335634867      -0.173083385497636     
   6.41173762083054        1.52660419543584      -0.181577291463192     
   6.41173762083054        1.83192503452301      -0.190457398621440     
   6.41173762083054        2.13724587361018      -0.199609457271168     
   6.41173762083054        2.44256671269735      -0.208310367292741     
   6.41173762083054        2.74788755178452      -0.215583042988626     
   6.41173762083054        3.05320839087168      -0.219986406647620     
   6.41173762083054        3.35852922995885      -0.221034843673003     
   6.41173762083054        3.66385006904602      -0.220807656177314     
   6.41173762083054        3.96917090813319      -0.221024706885769     
   6.41173762083054        4.27449174722036      -0.219973470728082     
   6.41173762083054        4.57981258630753      -0.215573288980320     
   6.41173762083054        4.88513342539469      -0.208304635581319     
   6.41173762083054        5.19045426448186      -0.199606934301031     
   6.41173762083054        5.49577510356903      -0.190457864433176     
   6.41173762083054        5.80109594265620      -0.181581015726701     
   6.41173762083054        6.10641678174337      -0.173091249274710     
   6.41173762083054        6.41173762083054      -0.164716359260949     
   6.41173762083054        6.71705845991770      -0.156122687467055     
   6.41173762083054        7.02237929900487      -0.147453383757238     
   6.41173762083054        7.32770013809204      -0.139007360985475     
   6.71705845991770       0.000000000000000E+000 -0.136152173664958     
   6.71705845991770       0.305320839087168      -0.141922701959737     
   6.71705845991770       0.610641678174337      -0.149011179846465     
   6.71705845991770       0.915962517261505      -0.156102470963578     
   6.71705845991770        1.22128335634867      -0.162591198529628     
   6.71705845991770        1.52660419543584      -0.169204849648059     
   6.71705845991770        1.83192503452301      -0.176407547834874     
   6.71705845991770        2.13724587361018      -0.184123345629178     
   6.71705845991770        2.44256671269735      -0.191665602028548     
   6.71705845991770        2.74788755178452      -0.197943290459043     
   6.71705845991770        3.05320839087168      -0.200603453687307     
   6.71705845991770        3.35852922995885      -0.198675411158442     
   6.71705845991770        3.66385006904602      -0.196488924432741     
   6.71705845991770        3.96917090813319      -0.198659763254035     
   6.71705845991770        4.27449174722036      -0.200586389903578     
   6.71705845991770        4.57981258630753      -0.197932140198160     
   6.71705845991770        4.88513342539469      -0.191660461972967     
   6.71705845991770        5.19045426448186      -0.184121940360948     
   6.71705845991770        5.49577510356903      -0.176409162608106     
   6.71705845991770        5.80109594265620      -0.169209843669726     
   6.71705845991770        6.10641678174337      -0.162601604991113     
   6.71705845991770        6.41173762083054      -0.156122931637259     
   6.71705845991770        6.71705845991770      -0.149046430957717     
   6.71705845991770        7.02237929900487      -0.141964128562190     
   6.71705845991770        7.32770013809204      -0.136166868874494     
   7.02237929900487       0.000000000000000E+000 -0.132765863046117     
   7.02237929900487       0.305320839087168      -0.136236742312071     
   7.02237929900487       0.610641678174337      -0.141924402811206     
   7.02237929900487       0.915962517261505      -0.147433392635844     
   7.02237929900487        1.22128335634867      -0.152210905454929     
   7.02237929900487        1.52660419543584      -0.157336079299495     
   7.02237929900487        1.83192503452301      -0.163332745743872     
   7.02237929900487        2.13724587361018      -0.170230272035337     
   7.02237929900487        2.44256671269735      -0.177561929049872     
   7.02237929900487        2.74788755178452      -0.184533381363030     
   7.02237929900487        3.05320839087168      -0.188645231466267     
   7.02237929900487        3.35852922995885      -0.187345353496907     
   7.02237929900487        3.66385006904602      -0.184561575684793     
   7.02237929900487        3.96917090813319      -0.187329718796246     
   7.02237929900487        4.27449174722036      -0.188632870138092     
   7.02237929900487        4.57981258630753      -0.184527772572001     
   7.02237929900487        4.88513342539469      -0.177560890092624     
   7.02237929900487        5.19045426448186      -0.170231660668409     
   7.02237929900487        5.49577510356903      -0.163335949045707     
   7.02237929900487        5.80109594265620      -0.157341557749022     
   7.02237929900487        6.10641678174337      -0.152221121401161     
   7.02237929900487        6.41173762083054      -0.147454534144805     
   7.02237929900487        6.71705845991770      -0.141965709228856     
   7.02237929900487        7.02237929900487      -0.136290248418229     
   7.02237929900487        7.32770013809204      -0.132779887453955     
   7.32770013809204       0.000000000000000E+000 -0.127823781363032     
   7.32770013809204       0.305320839087168      -0.132764683361635     
   7.32770013809204       0.610641678174337      -0.136152394398403     
   7.32770013809204       0.915962517261505      -0.138999532098429     
   7.32770013809204        1.22128335634867      -0.142114657254162     
   7.32770013809204        1.52660419543584      -0.146083697563223     
   7.32770013809204        1.83192503452301      -0.151172365939327     
   7.32770013809204        2.13724587361018      -0.157441692900453     
   7.32770013809204        2.44256671269735      -0.164763306938621     
   7.32770013809204        2.74788755178452      -0.172932746943806     
   7.32770013809204        3.05320839087168      -0.179909089296127     
   7.32770013809204        3.35852922995885      -0.181889647642873     
   7.32770013809204        3.66385006904602      -0.180168004201705     
   7.32770013809204        3.96917090813319      -0.181893143726327     
   7.32770013809204        4.27449174722036      -0.179915673920040     
   7.32770013809204        4.57981258630753      -0.172939737665424     
   7.32770013809204        4.88513342539469      -0.164769400189865     
   7.32770013809204        5.19045426448186      -0.157446805865316     
   7.32770013809204        5.49577510356903      -0.151177067157641     
   7.32770013809204        5.80109594265620      -0.146088342071770     
   7.32770013809204        6.10641678174337      -0.142120351749244     
   7.32770013809204        6.41173762083054      -0.139008666930557     
   7.32770013809204        6.71705845991770      -0.136167353828919     
   7.32770013809204        7.02237929900487      -0.132778902467449     
   7.32770013809204        7.32770013809204      -0.127826440037113     
