  0.000000000000000E+000  0.000000000000000E+000  -1.96131380640825     
  0.000000000000000E+000  0.305320839087168       -1.82723315859702     
  0.000000000000000E+000  0.610641678174337       -1.47602639260620     
  0.000000000000000E+000  0.915962517261505       -1.07568701659136     
  0.000000000000000E+000   1.22128335634867      -0.785680657303165     
  0.000000000000000E+000   1.52660419543584      -0.592954230864106     
  0.000000000000000E+000   1.83192503452301      -0.462429398354733     
  0.000000000000000E+000   2.13724587361018      -0.370457713468501     
  0.000000000000000E+000   2.44256671269735      -0.301636685534409     
  0.000000000000000E+000   2.74788755178452      -0.248605720166742     
  0.000000000000000E+000   3.05320839087168      -0.211401011253548     
  0.000000000000000E+000   3.35852922995885      -0.195168244330064     
  0.000000000000000E+000   3.66385006904602      -0.190632475055926     
  0.000000000000000E+000   3.96917090813319      -0.164433333007613     
  0.000000000000000E+000   4.27449174722036      -0.144028054689806     
  0.000000000000000E+000   4.57981258630753      -0.127804366637435     
  0.000000000000000E+000   4.88513342539469      -0.115577196323551     
  0.000000000000000E+000   5.19045426448186      -0.106298089604115     
  0.000000000000000E+000   5.49577510356903      -9.835435967357195E-002
  0.000000000000000E+000   5.80109594265620      -9.293395468888314E-002
  0.000000000000000E+000   6.10641678174337      -8.945365426141637E-002
  0.000000000000000E+000   6.41173762083054      -8.633818267763278E-002
  0.000000000000000E+000   6.71705845991770      -8.156585937543197E-002
  0.000000000000000E+000   7.02237929900487      -7.541879677936192E-002
  0.000000000000000E+000   7.32770013809204      -7.002385790674386E-002
  0.305320839087168       0.000000000000000E+000  -1.82720512747761     
  0.305320839087168       0.305320839087168       -1.67159683838172     
  0.305320839087168       0.610641678174337       -1.34838442701793     
  0.305320839087168       0.915962517261505       -1.00884286499016     
  0.305320839087168        1.22128335634867      -0.752486508802459     
  0.305320839087168        1.52660419543584      -0.575632976719721     
  0.305320839087168        1.83192503452301      -0.453078877286911     
  0.305320839087168        2.13724587361018      -0.365651065750832     
  0.305320839087168        2.44256671269735      -0.300220642582282     
  0.305320839087168        2.74788755178452      -0.250183007938354     
  0.305320839087168        3.05320839087168      -0.216137298314831     
  0.305320839087168        3.35852922995885      -0.200995600362463     
  0.305320839087168        3.66385006904602      -0.193416406793211     
  0.305320839087168        3.96917090813319      -0.170702531774507     
  0.305320839087168        4.27449174722036      -0.147292770975577     
  0.305320839087168        4.57981258630753      -0.129341068971887     
  0.305320839087168        4.88513342539469      -0.116442893064302     
  0.305320839087168        5.19045426448186      -0.106785082324831     
  0.305320839087168        5.49577510356903      -9.878223267492586E-002
  0.305320839087168        5.80109594265620      -9.329635375497367E-002
  0.305320839087168        6.10641678174337      -8.967087022705972E-002
  0.305320839087168        6.41173762083054      -8.635383026636990E-002
  0.305320839087168        6.71705845991770      -8.127270560829158E-002
  0.305320839087168        7.02237929900487      -7.521736151929675E-002
  0.305320839087168        7.32770013809204      -7.398293910674852E-002
  0.610641678174337       0.000000000000000E+000  -1.47599533993794     
  0.610641678174337       0.305320839087168       -1.34836674518666     
  0.610641678174337       0.610641678174337       -1.10143599343934     
  0.610641678174337       0.915962517261505      -0.863027174438699     
  0.610641678174337        1.22128335634867      -0.672638112452926     
  0.610641678174337        1.52660419543584      -0.531450112742521     
  0.610641678174337        1.83192503452301      -0.428225253735494     
  0.610641678174337        2.13724587361018      -0.352169833633948     
  0.610641678174337        2.44256671269735      -0.294934268899802     
  0.610641678174337        2.74788755178452      -0.251577747670947     
  0.610641678174337        3.05320839087168      -0.222402736085038     
  0.610641678174337        3.35852922995885      -0.206429470976343     
  0.610641678174337        3.66385006904602      -0.194123137704563     
  0.610641678174337        3.96917090813319      -0.174001175582572     
  0.610641678174337        4.27449174722036      -0.150878746181785     
  0.610641678174337        4.57981258630753      -0.131855112431571     
  0.610641678174337        4.88513342539469      -0.118161577123117     
  0.610641678174337        5.19045426448186      -0.107918714688846     
  0.610641678174337        5.49577510356903      -9.996224678219752E-002
  0.610641678174337        5.80109594265620      -9.430525168772647E-002
  0.610641678174337        6.10641678174337      -9.041012791823425E-002
  0.610641678174337        6.41173762083054      -8.694093762123967E-002
  0.610641678174337        6.71705845991770      -8.260961192809146E-002
  0.610641678174337        7.02237929900487      -7.827297179573717E-002
  0.610641678174337        7.32770013809204      -7.624732843959235E-002
  0.915962517261505       0.000000000000000E+000  -1.07566437314895     
  0.915962517261505       0.305320839087168       -1.00882553894317     
  0.915962517261505       0.610641678174337      -0.863020156755588     
  0.915962517261505       0.915962517261505      -0.710306392961220     
  0.915962517261505        1.22128335634867      -0.579476593897618     
  0.915962517261505        1.52660419543584      -0.475250825519715     
  0.915962517261505        1.83192503452301      -0.394570829203439     
  0.915962517261505        2.13724587361018      -0.332343995909026     
  0.915962517261505        2.44256671269735      -0.284559869835346     
  0.915962517261505        2.74788755178452      -0.248342852431760     
  0.915962517261505        3.05320839087168      -0.222372217300672     
  0.915962517261505        3.35852922995885      -0.204523508803526     
  0.915962517261505        3.66385006904602      -0.188891160367713     
  0.915962517261505        3.96917090813319      -0.170337808041593     
  0.915962517261505        4.27449174722036      -0.150295738021199     
  0.915962517261505        4.57981258630753      -0.132812026984011     
  0.915962517261505        4.88513342539469      -0.119330175879623     
  0.915962517261505        5.19045426448186      -0.109148887699655     
  0.915962517261505        5.49577510356903      -0.101478873066373     
  0.915962517261505        5.80109594265620      -9.574240753706827E-002
  0.915962517261505        6.10641678174337      -9.156998614190238E-002
  0.915962517261505        6.41173762083054      -8.802929513355172E-002
  0.915962517261505        6.71705845991770      -8.444630812809073E-002
  0.915962517261505        7.02237929900487      -8.098969217883648E-002
  0.915962517261505        7.32770013809204      -7.794811852367013E-002
   1.22128335634867       0.000000000000000E+000 -0.785667262062281     
   1.22128335634867       0.305320839087168      -0.752474857330992     
   1.22128335634867       0.610641678174337      -0.672631289210551     
   1.22128335634867       0.915962517261505      -0.579474187324128     
   1.22128335634867        1.22128335634867      -0.492622492614840     
   1.22128335634867        1.52660419543584      -0.418738039021399     
   1.22128335634867        1.83192503452301      -0.358144745450017     
   1.22128335634867        2.13724587361018      -0.309091206772830     
   1.22128335634867        2.44256671269735      -0.270229827904348     
   1.22128335634867        2.74788755178452      -0.239906300092552     
   1.22128335634867        3.05320839087168      -0.216474066305961     
   1.22128335634867        3.35852922995885      -0.197928024569267     
   1.22128335634867        3.66385006904602      -0.181236550365760     
   1.22128335634867        3.96917090813319      -0.164142771411870     
   1.22128335634867        4.27449174722036      -0.147141444439849     
   1.22128335634867        4.57981258630753      -0.132047176343597     
   1.22128335634867        4.88513342539469      -0.119725469583415     
   1.22128335634867        5.19045426448186      -0.110160088587675     
   1.22128335634867        5.49577510356903      -0.102885835092723     
   1.22128335634867        5.80109594265620      -9.725673173402827E-002
   1.22128335634867        6.10641678174337      -9.283565228114013E-002
   1.22128335634867        6.41173762083054      -8.906446189194747E-002
   1.22128335634867        6.71705845991770      -8.551063187531388E-002
   1.22128335634867        7.02237929900487      -8.204396342585633E-002
   1.22128335634867        7.32770013809204      -7.858035515457253E-002
   1.52660419543584       0.000000000000000E+000 -0.592947986959959     
   1.52660419543584       0.305320839087168      -0.575626976276484     
   1.52660419543584       0.610641678174337      -0.531445848419387     
   1.52660419543584       0.915962517261505      -0.475248589726877     
   1.52660419543584        1.22128335634867      -0.418737236262052     
   1.52660419543584        1.52660419543584      -0.367443532171515     
   1.52660419543584        1.83192503452301      -0.322682663190737     
   1.52660419543584        2.13724587361018      -0.284965827912512     
   1.52660419543584        2.44256671269735      -0.253897825874093     
   1.52660419543584        2.74788755178452      -0.228528061911563     
   1.52660419543584        3.05320839087168      -0.207622145341596     
   1.52660419543584        3.35852922995885      -0.189768085482305     
   1.52660419543584        3.66385006904602      -0.173542834564553     
   1.52660419543584        3.96917090813319      -0.158077956093441     
   1.52660419543584        4.27449174722036      -0.143499674565497     
   1.52660419543584        4.57981258630753      -0.130493192737767     
   1.52660419543584        4.88513342539469      -0.119583112450444     
   1.52660419543584        5.19045426448186      -0.110851270720729     
   1.52660419543584        5.49577510356903      -0.103996974777135     
   1.52660419543584        5.80109594265620      -9.851915159457426E-002
   1.52660419543584        6.10641678174337      -9.392329911498605E-002
   1.52660419543584        6.41173762083054      -8.984552022592023E-002
   1.52660419543584        6.71705845991770      -8.601874455426836E-002
   1.52660419543584        7.02237929900487      -8.231258970026925E-002
   1.52660419543584        7.32770013809204      -7.866625992397747E-002
   1.83192503452301       0.000000000000000E+000 -0.462427485512057     
   1.83192503452301       0.305320839087168      -0.453076683531097     
   1.83192503452301       0.610641678174337      -0.428223176514218     
   1.83192503452301       0.915962517261505      -0.394569134960623     
   1.83192503452301        1.22128335634867      -0.358143522984105     
   1.83192503452301        1.52660419543584      -0.322681967165107     
   1.83192503452301        1.83192503452301      -0.290242877849531     
   1.83192503452301        2.13724587361018      -0.261697796116030     
   1.83192503452301        2.44256671269735      -0.237095542870239     
   1.83192503452301        2.74788755178452      -0.215979313583507     
   1.83192503452301        3.05320839087168      -0.197646972584917     
   1.83192503452301        3.35852922995885      -0.181340666020516     
   1.83192503452301        3.66385006904602      -0.166422948968878     
   1.83192503452301        3.96917090813319      -0.152573864814104     
   1.83192503452301        4.27449174722036      -0.139869960490923     
   1.83192503452301        4.57981258630753      -0.128611705787295     
   1.83192503452301        4.88513342539469      -0.119038822671936     
   1.83192503452301        5.19045426448186      -0.111154350933640     
   1.83192503452301        5.49577510356903      -0.104715411732735     
   1.83192503452301        5.80109594265620      -9.933702674391459E-002
   1.83192503452301        6.10641678174337      -9.463310096131190E-002
   1.83192503452301        6.41173762083054      -9.031921312722241E-002
   1.83192503452301        6.71705845991770      -8.623687588819219E-002
   1.83192503452301        7.02237929900487      -8.232950535733058E-002
   1.83192503452301        7.32770013809204      -7.858500424479173E-002
   2.13724587361018       0.000000000000000E+000 -0.370457815655412     
   2.13724587361018       0.305320839087168      -0.365650548453977     
   2.13724587361018       0.610641678174337      -0.352168432997682     
   2.13724587361018       0.915962517261505      -0.332342005554422     
   2.13724587361018        1.22128335634867      -0.309089124509721     
   2.13724587361018        1.52660419543584      -0.284964116490048     
   2.13724587361018        1.83192503452301      -0.261696821420480     
   2.13724587361018        2.13724587361018      -0.240188359044519     
   2.13724587361018        2.44256671269735      -0.220714787702593     
   2.13724587361018        2.74788755178452      -0.203175594813411     
   2.13724587361018        3.05320839087168      -0.187304491347213     
   2.13724587361018        3.35852922995885      -0.172815835126103     
   2.13724587361018        3.66385006904602      -0.159500412919457     
   2.13724587361018        3.96917090813319      -0.147286218081030     
   2.13724587361018        4.27449174722036      -0.136239296226438     
   2.13724587361018        4.57981258630753      -0.126483737512830     
   2.13724587361018        4.88513342539469      -0.118084291328520     
   2.13724587361018        5.19045426448186      -0.110966999663945     
   2.13724587361018        5.49577510356903      -0.104916690627493     
   2.13724587361018        5.80109594265620      -9.964272198941694E-002
   2.13724587361018        6.10641678174337      -9.487239301639964E-002
   2.13724587361018        6.41173762083054      -9.042222568578724E-002
   2.13724587361018        6.71705845991770      -8.621241364389198E-002
   2.13724587361018        7.02237929900487      -8.222713176510388E-002
   2.13724587361018        7.32770013809204      -7.846184649694474E-002
   2.44256671269735       0.000000000000000E+000 -0.301638975241912     
   2.44256671269735       0.305320839087168      -0.300221381871521     
   2.44256671269735       0.610641678174337      -0.294932449060673     
   2.44256671269735       0.915962517261505      -0.284556457435455     
   2.44256671269735        1.22128335634867      -0.270226083223468     
   2.44256671269735        1.52660419543584      -0.253894615770750     
   2.44256671269735        1.83192503452301      -0.237093340331596     
   2.44256671269735        2.13724587361018      -0.220713742970406     
   2.44256671269735        2.44256671269735      -0.205167798503241     
   2.44256671269735        2.74788755178452      -0.190592730084333     
   2.44256671269735        3.05320839087168      -0.177005858044270     
   2.44256671269735        3.35852922995885      -0.164395558973930     
   2.44256671269735        3.66385006904602      -0.152762899412267     
   2.44256671269735        3.96917090813319      -0.142135824768260     
   2.44256671269735        4.27449174722036      -0.132562116794442     
   2.44256671269735        4.57981258630753      -0.124076128846428     
   2.44256671269735        4.88513342539469      -0.116654073324007     
   2.44256671269735        5.19045426448186      -0.110185780600866     
   2.44256671269735        5.49577510356903      -0.104484543752012     
   2.44256671269735        5.80109594265620      -9.933584641597000E-002
   2.44256671269735        6.10641678174337      -9.456332602130893E-002
   2.44256671269735        6.41173762083054      -9.007728499520687E-002
   2.44256671269735        6.71705845991770      -8.587315990058214E-002
   2.44256671269735        7.02237929900487      -8.196301068108193E-002
   2.44256671269735        7.32770013809204      -7.828942401244435E-002
   2.74788755178452       0.000000000000000E+000 -0.248609476464411     
   2.74788755178452       0.305320839087168      -0.250183915912704     
   2.74788755178452       0.610641678174337      -0.251574094722140     
   2.74788755178452       0.915962517261505      -0.248336668740785     
   2.74788755178452        1.22128335634867      -0.239900093856993     
   2.74788755178452        1.52660419543584      -0.228523014996126     
   2.74788755178452        1.83192503452301      -0.215975819783275     
   2.74788755178452        2.13724587361018      -0.203173628650572     
   2.74788755178452        2.44256671269735      -0.190591978370896     
   2.74788755178452        2.74788755178452      -0.178486035301699     
   2.74788755178452        3.05320839087168      -0.167002182173753     
   2.74788755178452        3.35852922995885      -0.156233893955989     
   2.74788755178452        3.66385006904602      -0.146246366120074     
   2.74788755178452        3.96917090813319      -0.137086350931891     
   2.74788755178452        4.27449174722036      -0.128783110471731     
   2.74788755178452        4.57981258630753      -0.121336563430699     
   2.74788755178452        4.88513342539469      -0.114698132757509     
   2.74788755178452        5.19045426448186      -0.108759812604382     
   2.74788755178452        5.49577510356903      -0.103368318072288     
   2.74788755178452        5.80109594265620      -9.836745741049675E-002
   2.74788755178452        6.10641678174337      -9.365308194983182E-002
   2.74788755178452        6.41173762083054      -8.921757904241644E-002
   2.74788755178452        6.71705845991770      -8.511248015673382E-002
   2.74788755178452        7.02237929900487      -8.141064881154506E-002
   2.74788755178452        7.32770013809204      -7.801991986495203E-002
   3.05320839087168       0.000000000000000E+000 -0.211403795442984     
   3.05320839087168       0.305320839087168      -0.216134804531171     
   3.05320839087168       0.610641678174337      -0.222393756465862     
   3.05320839087168       0.915962517261505      -0.222361488994751     
   3.05320839087168        1.22128335634867      -0.216464945705291     
   3.05320839087168        1.52660419543584      -0.207615360584388     
   3.05320839087168        1.83192503452301      -0.197642443878733     
   3.05320839087168        2.13724587361018      -0.187301917275370     
   3.05320839087168        2.44256671269735      -0.177004732171344     
   3.05320839087168        2.74788755178452      -0.167001897282769     
   3.05320839087168        3.05320839087168      -0.157442098329113     
   3.05320839087168        3.35852922995885      -0.148407121119711     
   3.05320839087168        3.66385006904602      -0.139943135949525     
   3.05320839087168        3.96917090813319      -0.132081185610121     
   3.05320839087168        4.27449174722036      -0.124843476972505     
   3.05320839087168        4.57981258630753      -0.118234231064471     
   3.05320839087168        4.88513342539469      -0.112220306426624     
   3.05320839087168        5.19045426448186      -0.106718552104965     
   3.05320839087168        5.49577510356903      -0.101608895671248     
   3.05320839087168        5.80109594265620      -9.677518700184740E-002
   3.05320839087168        6.10641678174337      -9.215484217597657E-002
   3.05320839087168        6.41173762083054      -8.775780602308313E-002
   3.05320839087168        6.71705845991770      -8.374126260104953E-002
   3.05320839087168        7.02237929900487      -8.044607976791851E-002
   3.05320839087168        7.32770013809204      -7.762970862989517E-002
   3.35852922995885       0.000000000000000E+000 -0.195165462576728     
   3.35852922995885       0.305320839087168      -0.200984796832822     
   3.35852922995885       0.610641678174337      -0.206412934615165     
   3.35852922995885       0.915962517261505      -0.204508129284624     
   3.35852922995885        1.22128335634867      -0.197916621129001     
   3.35852922995885        1.52660419543584      -0.189760351884841     
   3.35852922995885        1.83192503452301      -0.181335724523419     
   3.35852922995885        2.13724587361018      -0.172813120857977     
   3.35852922995885        2.44256671269735      -0.164394447084716     
   3.35852922995885        2.74788755178452      -0.156233702032216     
   3.35852922995885        3.05320839087168      -0.148407241327559     
   3.35852922995885        3.35852922995885      -0.140932916867023     
   3.35852922995885        3.66385006904602      -0.133812102875818     
   3.35852922995885        3.96917090813319      -0.127059930404628     
   3.35852922995885        4.27449174722036      -0.120707097745361     
   3.35852922995885        4.57981258630753      -0.114783047361203     
   3.35852922995885        4.88513342539469      -0.109286028055177     
   3.35852922995885        5.19045426448186      -0.104163034939865     
   3.35852922995885        5.49577510356903      -9.932240383863294E-002
   3.35852922995885        5.80109594265620      -9.467373638208731E-002
   3.35852922995885        6.10641678174337      -9.016197597567303E-002
   3.35852922995885        6.41173762083054      -8.577878492556457E-002
   3.35852922995885        6.71705845991770      -8.186027184151377E-002
   3.35852922995885        7.02237929900487      -7.911918491447310E-002
   3.35852922995885        7.32770013809204      -7.707795597475832E-002
   3.66385006904602       0.000000000000000E+000 -0.190624340751917     
   3.66385006904602       0.305320839087168      -0.193401431587336     
   3.66385006904602       0.610641678174337      -0.194105366969344     
   3.66385006904602       0.915962517261505      -0.188875758745296     
   3.66385006904602        1.22128335634867      -0.181225507941093     
   3.66385006904602        1.52660419543584      -0.173535617458821     
   3.66385006904602        1.83192503452301      -0.166418471170387     
   3.66385006904602        2.13724587361018      -0.159498101504940     
   3.66385006904602        2.44256671269735      -0.152762160399628     
   3.66385006904602        2.74788755178452      -0.146246541740924     
   3.66385006904602        3.05320839087168      -0.139943626793619     
   3.66385006904602        3.35852922995885      -0.133812473479639     
   3.66385006904602        3.66385006904602      -0.127825807763210     
   3.66385006904602        3.96917090813319      -0.122000437855778     
   3.66385006904602        4.27449174722036      -0.116388272160190     
   3.66385006904602        4.57981258630753      -0.111047995594665     
   3.66385006904602        4.88513342539469      -0.106005292321776     
   3.66385006904602        5.19045426448186      -0.101230753019295     
   3.66385006904602        5.49577510356903      -9.665634709325323E-002
   3.66385006904602        5.80109594265620      -9.221557219255652E-002
   3.66385006904602        6.10641678174337      -8.786248063533464E-002
   3.66385006904602        6.41173762083054      -8.363797812977282E-002
   3.66385006904602        6.71705845991770      -7.996825746321999E-002
   3.66385006904602        7.02237929900487      -7.769154121199620E-002
   3.66385006904602        7.32770013809204      -7.603229279773840E-002
   3.96917090813319       0.000000000000000E+000 -0.164442240426577     
   3.96917090813319       0.305320839087168      -0.170704000431505     
   3.96917090813319       0.610641678174337      -0.173994366502859     
   3.96917090813319       0.915962517261505      -0.170328787241875     
   3.96917090813319        1.22128335634867      -0.164135278576180     
   3.96917090813319        1.52660419543584      -0.158072761211167     
   3.96917090813319        1.83192503452301      -0.152570689442259     
   3.96917090813319        2.13724587361018      -0.147284814958424     
   3.96917090813319        2.44256671269735      -0.142135777903388     
   3.96917090813319        2.74788755178452      -0.137087112497112     
   3.96917090813319        3.05320839087168      -0.132082214032967     
   3.96917090813319        3.35852922995885      -0.127060808170199     
   3.96917090813319        3.66385006904602      -0.122000918184340     
   3.96917090813319        3.96917090813319      -0.116939993622984     
   3.96917090813319        4.27449174722036      -0.111956604819486     
   3.96917090813319        4.57981258630753      -0.107130843422403     
   3.96917090813319        4.88513342539469      -0.102502230461441     
   3.96917090813319        5.19045426448186      -9.805501265614917E-002
   3.96917090813319        5.49577510356903      -9.374265452065385E-002
   3.96917090813319        5.80109594265620      -8.953139350760971E-002
   3.96917090813319        6.10641678174337      -8.542563392273038E-002
   3.96917090813319        6.41173762083054      -8.155956807414902E-002
   3.96917090813319        6.71705845991770      -7.840493986951802E-002
   3.96917090813319        7.02237929900487      -7.649963146996069E-002
   3.96917090813319        7.32770013809204      -7.501650179674220E-002
   4.27449174722036       0.000000000000000E+000 -0.144048877956178     
   4.27449174722036       0.305320839087168      -0.147307559207882     
   4.27449174722036       0.610641678174337      -0.150883415995842     
   4.27449174722036       0.915962517261505      -0.150294413000032     
   4.27449174722036        1.22128335634867      -0.147138543748842     
   4.27449174722036        1.52660419543584      -0.143497204324147     
   4.27449174722036        1.83192503452301      -0.139868585172744     
   4.27449174722036        2.13724587361018      -0.136239172087446     
   4.27449174722036        2.44256671269735      -0.132563049223813     
   4.27449174722036        2.74788755178452      -0.128784683781003     
   4.27449174722036        3.05320839087168      -0.124845211651145     
   4.27449174722036        3.35852922995885      -0.120708584954897     
   4.27449174722036        3.66385006904602      -0.116389256129061     
   4.27449174722036        3.96917090813319      -0.111957022824847     
   4.27449174722036        4.27449174722036      -0.107511416954115     
   4.27449174722036        4.57981258630753      -0.103140325259083     
   4.27449174722036        4.88513342539469      -9.888519142888486E-002
   4.27449174722036        5.19045426448186      -9.473776264324736E-002
   4.27449174722036        5.49577510356903      -9.067213131851114E-002
   4.27449174722036        5.80109594265620      -8.669082329191570E-002
   4.27449174722036        6.10641678174337      -8.286044482420792E-002
   4.27449174722036        6.41173762083054      -7.936150617180253E-002
   4.27449174722036        6.71705845991770      -7.659573944567739E-002
   4.27449174722036        7.02237929900487      -7.477671686575961E-002
   4.27449174722036        7.32770013809204      -7.318355287433916E-002
   4.57981258630753       0.000000000000000E+000 -0.127823401275454     
   4.57981258630753       0.305320839087168      -0.129356691719743     
   4.57981258630753       0.610641678174337      -0.131863634548081     
   4.57981258630753       0.915962517261505      -0.132814970257697     
   4.57981258630753        1.22128335634867      -0.132047686917146     
   4.57981258630753        1.52660419543584      -0.130493213522844     
   4.57981258630753        1.83192503452301      -0.128612206348039     
   4.57981258630753        2.13724587361018      -0.126485099410324     
   4.57981258630753        2.44256671269735      -0.124078305671249     
   4.57981258630753        2.74788755178452      -0.121339216707809     
   4.57981258630753        3.05320839087168      -0.118236887139304     
   4.57981258630753        3.35852922995885      -0.114785252377913     
   4.57981258630753        3.66385006904602      -0.111049446308215     
   4.57981258630753        3.96917090813319      -0.107131481354778     
   4.57981258630753        4.27449174722036      -0.103140384679031     
   4.57981258630753        4.57981258630753      -9.915988346444177E-002
   4.57981258630753        4.88513342539469      -9.522787347428902E-002
   4.57981258630753        5.19045426448186      -9.134309976523507E-002
   4.57981258630753        5.49577510356903      -8.749957201831825E-002
   4.57981258630753        5.80109594265620      -8.372766349542929E-002
   4.57981258630753        6.10641678174337      -8.012121628862443E-002
   4.57981258630753        6.41173762083054      -7.684710741583363E-002
   4.57981258630753        6.71705845991770      -7.413816559590193E-002
   4.57981258630753        7.02237929900487      -7.202685894013799E-002
   4.57981258630753        7.32770013809204      -7.002945075792327E-002
   4.88513342539469       0.000000000000000E+000 -0.115590029883742     
   4.88513342539469       0.305320839087168      -0.116453976538289     
   4.88513342539469       0.610641678174337      -0.118168897564801     
   4.88513342539469       0.915962517261505      -0.119334290850380     
   4.88513342539469        1.22128335634867      -0.119727810118211     
   4.88513342539469        1.52660419543584      -0.119584943453989     
   4.88513342539469        1.83192503452301      -0.119040996687593     
   4.88513342539469        2.13724587361018      -0.118087217780286     
   4.88513342539469        2.44256671269735      -0.116657736234461     
   4.88513342539469        2.74788755178452      -0.114702166938058     
   4.88513342539469        3.05320839087168      -0.112224138658048     
   4.88513342539469        3.35852922995885      -0.109289064435726     
   4.88513342539469        3.66385006904602      -0.106007118043471     
   4.88513342539469        3.96917090813319      -0.102502770132919     
   4.88513342539469        4.27449174722036      -9.888477874440353E-002
   4.88513342539469        4.57981258630753      -9.522720849698288E-002
   4.88513342539469        4.88513342539469      -9.156459737477378E-002
   4.88513342539469        5.19045426448186      -8.790560318166823E-002
   4.88513342539469        5.49577510356903      -8.426265731355299E-002
   4.88513342539469        5.80109594265620      -8.068101248886755E-002
   4.88513342539469        6.10641678174337      -7.724982106868807E-002
   4.88513342539469        6.41173762083054      -7.408877052571730E-002
   4.88513342539469        6.71705845991770      -7.130554005694205E-002
   4.88513342539469        7.02237929900487      -6.889851039552670E-002
   4.88513342539469        7.32770013809204      -6.663984490994632E-002
   5.19045426448186       0.000000000000000E+000 -0.106305525557729     
   5.19045426448186       0.305320839087168      -0.106791854353664     
   5.19045426448186       0.610641678174337      -0.107924008272528     
   5.19045426448186       0.915962517261505      -0.109152741578318     
   5.19045426448186        1.22128335634867      -0.110163108282493     
   5.19045426448186        1.52660419543584      -0.110854229534104     
   5.19045426448186        1.83192503452301      -0.111157903199676     
   5.19045426448186        2.13724587361018      -0.110971488713665     
   5.19045426448186        2.44256671269735      -0.110191130951143     
   5.19045426448186        2.74788755178452      -0.108765527073647     
   5.19045426448186        3.05320839087168      -0.106723831941851     
   5.19045426448186        3.35852922995885      -0.104167019197975     
   5.19045426448186        3.66385006904602      -0.101232826378843     
   5.19045426448186        3.96917090813319      -9.805506345382062E-002
   5.19045426448186        4.27449174722036      -9.473626564139773E-002
   5.19045426448186        4.57981258630753      -9.134099329487599E-002
   5.19045426448186        4.88513342539469      -8.790402947145803E-002
   5.19045426448186        5.19045426448186      -8.444648070274308E-002
   5.19045426448186        5.49577510356903      -8.099552331778516E-002
   5.19045426448186        5.80109594265620      -7.759843756698619E-002
   5.19045426448186        6.10641678174337      -7.432296442465226E-002
   5.19045426448186        6.41173762083054      -7.124267883231375E-002
   5.19045426448186        6.71705845991770      -6.841308256678362E-002
   5.19045426448186        7.02237929900487      -6.584481406872715E-002
   5.19045426448186        7.32770013809204      -6.349127001254637E-002
   5.49577510356903       0.000000000000000E+000 -9.835832507509218E-002
   5.49577510356903       0.305320839087168      -9.878584508020821E-002
   5.49577510356903       0.610641678174337      -9.996545053335208E-002
   5.49577510356903       0.915962517261505      -0.101481835189590     
   5.49577510356903        1.22128335634867      -0.102888859609502     
   5.49577510356903        1.52660419543584      -0.104000551824710     
   5.49577510356903        1.83192503452301      -0.104720053823511     
   5.49577510356903        2.13724587361018      -0.104922677878766     
   5.49577510356903        2.44256671269735      -0.104491718474229     
   5.49577510356903        2.74788755178452      -0.103375993400446     
   5.49577510356903        3.05320839087168      -0.101615931614602     
   5.49577510356903        3.35852922995885      -9.932750488454481E-002
   5.49577510356903        3.66385006904602      -9.665855846734263E-002
   5.49577510356903        3.96917090813319      -9.374181776667534E-002
   5.49577510356903        4.27449174722036      -9.066896999242995E-002
   5.49577510356903        4.57981258630753      -8.749537990823281E-002
   5.49577510356903        4.88513342539469      -8.425885562083187E-002
   5.49577510356903        5.19045426448186      -8.099328701720378E-002
   5.49577510356903        5.49577510356903      -7.773434667707077E-002
   5.49577510356903        5.80109594265620      -7.452031479874727E-002
   5.49577510356903        6.10641678174337      -7.138766705152852E-002
   5.49577510356903        6.41173762083054      -6.836428258748561E-002
   5.49577510356903        6.71705845991770      -6.548441895930740E-002
   5.49577510356903        7.02237929900487      -6.283053964987464E-002
   5.49577510356903        7.32770013809204      -6.048114391831374E-002
   5.80109594265620       0.000000000000000E+000 -9.293560273409435E-002
   5.80109594265620       0.305320839087168      -9.329773209311079E-002
   5.80109594265620       0.610641678174337      -9.430675897829123E-002
   5.80109594265620       0.915962517261505      -9.574438186064677E-002
   5.80109594265620        1.22128335634867      -9.725944812884914E-002
   5.80109594265620        1.52660419543584      -9.852300176466633E-002
   5.80109594265620        1.83192503452301      -9.934247356778737E-002
   5.80109594265620        2.13724587361018      -9.965005328325657E-002
   5.80109594265620        2.44256671269735      -9.934489524671161E-002
   5.80109594265620        2.74788755178452      -9.837740407104784E-002
   5.80109594265620        3.05320839087168      -9.678448541150041E-002
   5.80109594265620        3.35852922995885      -9.468036742271177E-002
   5.80109594265620        3.66385006904602      -9.221790644479974E-002
   5.80109594265620        3.96917090813319      -8.952923137976031E-002
   5.80109594265620        4.27449174722036      -8.668545899802556E-002
   5.80109594265620        4.57981258630753      -8.372099602210198E-002
   5.80109594265620        4.88513342539469      -8.067477484670750E-002
   5.80109594265620        5.19045426448186      -7.759387006317704E-002
   5.80109594265620        5.49577510356903      -7.451804258610234E-002
   5.80109594265620        5.80109594265620      -7.147063115768527E-002
   5.80109594265620        6.10641678174337      -6.845383625049524E-002
   5.80109594265620        6.41173762083054      -6.546573941844233E-002
   5.80109594265620        6.71705845991770      -6.255700638165040E-002
   5.80109594265620        7.02237929900487      -5.986049251976672E-002
   5.80109594265620        7.32770013809204      -5.754968609667756E-002
   6.10641678174337       0.000000000000000E+000 -8.945378551562347E-002
   6.10641678174337       0.305320839087168      -8.967082161392383E-002
   6.10641678174337       0.610641678174337      -9.041057746936285E-002
   6.10641678174337       0.915962517261505      -9.157129202230664E-002
   6.10641678174337        1.22128335634867      -9.283805200066789E-002
   6.10641678174337        1.52660419543584      -9.392714317385828E-002
   6.10641678174337        1.83192503452301      -9.463899422676403E-002
   6.10641678174337        2.13724587361018      -9.488074716456610E-002
   6.10641678174337        2.44256671269735      -9.457417085481057E-002
   6.10641678174337        2.74788755178452      -9.366579664867522E-002
   6.10641678174337        3.05320839087168      -9.216764566648761E-002
   6.10641678174337        3.35852922995885      -9.017145344152853E-002
   6.10641678174337        3.66385006904602      -8.786510467236504E-002
   6.10641678174337        3.96917090813319      -8.542118788163315E-002
   6.10641678174337        4.27449174722036      -8.285201857405419E-002
   6.10641678174337        4.57981258630753      -8.011189731623708E-002
   6.10641678174337        4.88513342539469      -7.724147534601100E-002
   6.10641678174337        5.19045426448186      -7.431660181982250E-002
   6.10641678174337        5.49577510356903      -7.138370557525553E-002
   6.10641678174337        5.80109594265620      -6.845216392511250E-002
   6.10641678174337        6.10641678174337      -6.551190943335029E-002
   6.10641678174337        6.41173762083054      -6.251997599269711E-002
   6.10641678174337        6.71705845991770      -5.949836554529096E-002
   6.10641678174337        7.02237929900487      -5.666040001265425E-002
   6.10641678174337        7.32770013809204      -5.437290712196181E-002
   6.41173762083054       0.000000000000000E+000 -8.633793584768765E-002
   6.41173762083054       0.305320839087168      -8.635356413003593E-002
   6.41173762083054       0.610641678174337      -8.694124601883801E-002
   6.41173762083054       0.915962517261505      -8.803035189488155E-002
   6.41173762083054        1.22128335634867      -8.906656441166581E-002
   6.41173762083054        1.52660419543584      -8.984911228939467E-002
   6.41173762083054        1.83192503452301      -9.032501855433350E-002
   6.41173762083054        2.13724587361018      -9.043097646985974E-002
   6.41173762083054        2.44256671269735      -9.008954173275800E-002
   6.41173762083054        2.74788755178452      -8.923388632917553E-002
   6.41173762083054        3.05320839087168      -8.777652179905471E-002
   6.41173762083054        3.35852922995885      -8.579338170117708E-002
   6.41173762083054        3.66385006904602      -8.364134530843843E-002
   6.41173762083054        3.96917090813319      -8.155159961474884E-002
   6.41173762083054        4.27449174722036      -7.934862541073787E-002
   6.41173762083054        4.57981258630753      -7.683505936213417E-002
   6.41173762083054        4.88513342539469      -7.407923809732150E-002
   6.41173762083054        5.19045426448186      -7.123563305567628E-002
   6.41173762083054        5.49577510356903      -6.835965232954712E-002
   6.41173762083054        5.80109594265620      -6.546323647465674E-002
   6.41173762083054        6.10641678174337      -6.251898465264444E-002
   6.41173762083054        6.41173762083054      -5.937217381806487E-002
   6.41173762083054        6.71705845991770      -5.596753618370132E-002
   6.41173762083054        7.02237929900487      -5.268766234789286E-002
   6.41173762083054        7.32770013809204      -5.035494770069830E-002
   6.71705845991770       0.000000000000000E+000 -8.156689282080695E-002
   6.71705845991770       0.305320839087168      -8.127393616007371E-002
   6.71705845991770       0.610641678174337      -8.261085999024792E-002
   6.71705845991770       0.915962517261505      -8.444749619817313E-002
   6.71705845991770        1.22128335634867      -8.551240399011012E-002
   6.71705845991770        1.52660419543584      -8.602176248376971E-002
   6.71705845991770        1.83192503452301      -8.624188049276506E-002
   6.71705845991770        2.13724587361018      -8.622045873647514E-002
   6.71705845991770        2.44256671269735      -8.588555281646175E-002
   6.71705845991770        2.74788755178452      -8.513135443096098E-002
   6.71705845991770        3.05320839087168      -8.376496590305987E-002
   6.71705845991770        3.35852922995885      -8.188021869554442E-002
   6.71705845991770        3.66385006904602      -7.997154607826434E-002
   6.71705845991770        3.96917090813319      -7.839245768341667E-002
   6.71705845991770        4.27449174722036      -7.657965280739205E-002
   6.71705845991770        4.57981258630753      -7.412509344163319E-002
   6.71705845991770        4.88513342539469      -7.129659009170794E-002
   6.71705845991770        5.19045426448186      -6.840690254099289E-002
   6.71705845991770        5.49577510356903      -6.548024371905094E-002
   6.71705845991770        5.80109594265620      -6.255434441790303E-002
   6.71705845991770        6.10641678174337      -5.949675269586763E-002
   6.71705845991770        6.41173762083054      -5.596669311202292E-002
   6.71705845991770        6.71705845991770      -5.171537719745373E-002
   6.71705845991770        7.02237929900487      -4.744178678390380E-002
   6.71705845991770        7.32770013809204      -4.500251140937617E-002
   7.02237929900487       0.000000000000000E+000 -7.542176547152357E-002
   7.02237929900487       0.305320839087168      -7.522069504615524E-002
   7.02237929900487       0.610641678174337      -7.827515626593144E-002
   7.02237929900487       0.915962517261505      -8.099099814398253E-002
   7.02237929900487        1.22128335634867      -8.204533687140061E-002
   7.02237929900487        1.52660419543584      -8.231471461700840E-002
   7.02237929900487        1.83192503452301      -8.233299181475510E-002
   7.02237929900487        2.13724587361018      -8.223291205654375E-002
   7.02237929900487        2.44256671269735      -8.197252571819919E-002
   7.02237929900487        2.74788755178452      -8.142584033007713E-002
   7.02237929900487        3.05320839087168      -8.046685654865485E-002
   7.02237929900487        3.35852922995885      -7.913889573463791E-002
   7.02237929900487        3.66385006904602      -7.769312905682793E-002
   7.02237929900487        3.96917090813319      -7.648627947950193E-002
   7.02237929900487        4.27449174722036      -7.476413411329090E-002
   7.02237929900487        4.57981258630753      -7.201829474992524E-002
   7.02237929900487        4.88513342539469      -6.889305775172962E-002
   7.02237929900487        5.19045426448186      -6.584119410943050E-002
   7.02237929900487        5.49577510356903      -6.282777093891333E-002
   7.02237929900487        5.80109594265620      -5.985816082130348E-002
   7.02237929900487        6.10641678174337      -5.665824280921782E-002
   7.02237929900487        6.41173762083054      -5.268556214432864E-002
   7.02237929900487        6.71705845991770      -4.744001692002128E-002
   7.02237929900487        7.02237929900487      -4.221390133907120E-002
   7.02237929900487        7.32770013809204      -3.983764391138373E-002
   7.32770013809204       0.000000000000000E+000 -7.002492589170102E-002
   7.32770013809204       0.305320839087168      -7.398429743885343E-002
   7.32770013809204       0.610641678174337      -7.624853225650317E-002
   7.32770013809204       0.915962517261505      -7.794917753381962E-002
   7.32770013809204        1.22128335634867      -7.858127472969946E-002
   7.32770013809204        1.52660419543584      -7.866726935568824E-002
   7.32770013809204        1.83192503452301      -7.858640787481712E-002
   7.32770013809204        2.13724587361018      -7.846395440650464E-002
   7.32770013809204        2.44256671269735      -7.829234556346246E-002
   7.32770013809204        2.74788755178452      -7.802371374759443E-002
   7.32770013809204        3.05320839087168      -7.763359462978500E-002
   7.32770013809204        3.35852922995885      -7.708019173681491E-002
   7.32770013809204        3.66385006904602      -7.603259009980996E-002
   7.32770013809204        3.96917090813319      -7.501729210496287E-002
   7.32770013809204        4.27449174722036      -7.318536230090064E-002
   7.32770013809204        4.57981258630753      -7.003102848047409E-002
   7.32770013809204        4.88513342539469      -6.664060862345486E-002
   7.32770013809204        5.19045426448186      -6.349140604787160E-002
   7.32770013809204        5.49577510356903      -6.048050469442186E-002
   7.32770013809204        5.80109594265620      -5.754822536283207E-002
   7.32770013809204        6.10641678174337      -5.437058319574147E-002
   7.32770013809204        6.41173762083054      -5.035146423827398E-002
   7.32770013809204        6.71705845991770      -4.499738770134611E-002
   7.32770013809204        7.02237929900487      -3.983233738936157E-002
   7.32770013809204        7.32770013809204      -3.642086165176378E-002
