  0.000000000000000E+000  0.000000000000000E+000 -0.190624340751918     
  0.000000000000000E+000  0.305320839087168      -0.190157251656927     
  0.000000000000000E+000  0.610641678174337      -0.183708865559759     
  0.000000000000000E+000  0.915962517261505      -0.178608598973172     
  0.000000000000000E+000   1.22128335634867      -0.172986971823660     
  0.000000000000000E+000   1.52660419543584      -0.166849137763192     
  0.000000000000000E+000   1.83192503452301      -0.160374862281201     
  0.000000000000000E+000   2.13724587361018      -0.153624606706385     
  0.000000000000000E+000   2.44256671269735      -0.146543179456493     
  0.000000000000000E+000   2.74788755178452      -0.139198642505495     
  0.000000000000000E+000   3.05320839087168      -0.132708251175247     
  0.000000000000000E+000   3.35852922995885      -0.129144090162780     
  0.000000000000000E+000   3.66385006904602      -0.126304236078658     
  0.000000000000000E+000   3.96917090813319      -0.120575343951309     
  0.000000000000000E+000   4.27449174722036      -0.114159153334584     
  0.000000000000000E+000   4.57981258630753      -0.106067699716135     
  0.000000000000000E+000   4.88513342539469      -9.843981914545984E-002
  0.000000000000000E+000   5.19045426448186      -9.218752733648515E-002
  0.000000000000000E+000   5.49577510356903      -8.721135916431010E-002
  0.000000000000000E+000   5.80109594265620      -8.379055590071739E-002
  0.000000000000000E+000   6.10641678174337      -8.180300786261711E-002
  0.000000000000000E+000   6.41173762083054      -8.086191460166128E-002
  0.000000000000000E+000   6.71705845991770      -8.022035574754059E-002
  0.000000000000000E+000   7.02237929900487      -7.873763496888025E-002
  0.000000000000000E+000   7.32770013809204      -7.601516157101879E-002
  0.305320839087168       0.000000000000000E+000 -0.204590094164078     
  0.305320839087168       0.305320839087168      -0.206426490608538     
  0.305320839087168       0.610641678174337      -0.201311903566853     
  0.305320839087168       0.915962517261505      -0.196077537109631     
  0.305320839087168        1.22128335634867      -0.189615807788056     
  0.305320839087168        1.52660419543584      -0.182420083909431     
  0.305320839087168        1.83192503452301      -0.174831940728388     
  0.305320839087168        2.13724587361018      -0.166871996748493     
  0.305320839087168        2.44256671269735      -0.158652954172053     
  0.305320839087168        2.74788755178452      -0.150234377746221     
  0.305320839087168        3.05320839087168      -0.142427361050819     
  0.305320839087168        3.35852922995885      -0.136554385907496     
  0.305320839087168        3.66385006904602      -0.130977741028589     
  0.305320839087168        3.96917090813319      -0.123662412223173     
  0.305320839087168        4.27449174722036      -0.116496809390101     
  0.305320839087168        4.57981258630753      -0.108846951813549     
  0.305320839087168        4.88513342539469      -0.101618631602852     
  0.305320839087168        5.19045426448186      -9.541648297945704E-002
  0.305320839087168        5.49577510356903      -9.026765736403577E-002
  0.305320839087168        5.80109594265620      -8.653045317450278E-002
  0.305320839087168        6.10641678174337      -8.404566965521848E-002
  0.305320839087168        6.41173762083054      -8.229053263255259E-002
  0.305320839087168        6.71705845991770      -8.041230969173355E-002
  0.305320839087168        7.02237929900487      -7.881549949135241E-002
  0.305320839087168        7.32770013809204      -7.834638860378169E-002
  0.610641678174337       0.000000000000000E+000 -0.223491219561798     
  0.610641678174337       0.305320839087168      -0.224727365128299     
  0.610641678174337       0.610641678174337      -0.222202198160432     
  0.610641678174337       0.915962517261505      -0.215732815639008     
  0.610641678174337        1.22128335634867      -0.207671380975752     
  0.610641678174337        1.52660419543584      -0.199120201928905     
  0.610641678174337        1.83192503452301      -0.190269513399287     
  0.610641678174337        2.13724587361018      -0.181078837702909     
  0.610641678174337        2.44256671269735      -0.171709565306767     
  0.610641678174337        2.74788755178452      -0.162242629517206     
  0.610641678174337        3.05320839087168      -0.153033467395309     
  0.610641678174337        3.35852922995885      -0.144504140475790     
  0.610641678174337        3.66385006904602      -0.136236144538022     
  0.610641678174337        3.96917090813319      -0.127872631517364     
  0.610641678174337        4.27449174722036      -0.119823683908096     
  0.610641678174337        4.57981258630753      -0.112124978596019     
  0.610641678174337        4.88513342539469      -0.105104155409952     
  0.610641678174337        5.19045426448186      -9.882637212789795E-002
  0.610641678174337        5.49577510356903      -9.350727106274105E-002
  0.610641678174337        5.80109594265620      -8.937402130850521E-002
  0.610641678174337        6.10641678174337      -8.632173508531771E-002
  0.610641678174337        6.41173762083054      -8.391758437947944E-002
  0.610641678174337        6.71705845991770      -8.176248309516423E-002
  0.610641678174337        7.02237929900487      -8.019614639144693E-002
  0.610641678174337        7.32770013809204      -7.840064877136955E-002
  0.915962517261505       0.000000000000000E+000 -0.248390795159037     
  0.915962517261505       0.305320839087168      -0.247994283571888     
  0.915962517261505       0.610641678174337      -0.244538741650660     
  0.915962517261505       0.915962517261505      -0.237097616861180     
  0.915962517261505        1.22128335634867      -0.227454322743228     
  0.915962517261505        1.52660419543584      -0.217080673713121     
  0.915962517261505        1.83192503452301      -0.206448304437831     
  0.915962517261505        2.13724587361018      -0.195738217539326     
  0.915962517261505        2.44256671269735      -0.185027903760272     
  0.915962517261505        2.74788755178452      -0.174293616237108     
  0.915962517261505        3.05320839087168      -0.163661167568025     
  0.915962517261505        3.35852922995885      -0.153251673502864     
  0.915962517261505        3.66385006904602      -0.143110658552938     
  0.915962517261505        3.96917090813319      -0.133408044069072     
  0.915962517261505        4.27449174722036      -0.124433517134353     
  0.915962517261505        4.57981258630753      -0.116342768189928     
  0.915962517261505        4.88513342539469      -0.109021899043577     
  0.915962517261505        5.19045426448186      -0.102463276841547     
  0.915962517261505        5.49577510356903      -9.685642574730961E-002
  0.915962517261505        5.80109594265620      -9.226909275096126E-002
  0.915962517261505        6.10641678174337      -8.860521608598089E-002
  0.915962517261505        6.41173762083054      -8.558638205833467E-002
  0.915962517261505        6.71705845991770      -8.296311453676984E-002
  0.915962517261505        7.02237929900487      -8.052217768394616E-002
  0.915962517261505        7.32770013809204      -7.756271595051158E-002
   1.22128335634867       0.000000000000000E+000 -0.284501850754486     
   1.22128335634867       0.305320839087168      -0.282478646358254     
   1.22128335634867       0.610641678174337      -0.276085096624191     
   1.22128335634867       0.915962517261505      -0.265443859921023     
   1.22128335634867        1.22128335634867      -0.252209410467278     
   1.22128335634867        1.52660419543584      -0.238126660987588     
   1.22128335634867        1.83192503452301      -0.224139995722159     
   1.22128335634867        2.13724587361018      -0.210805309046399     
   1.22128335634867        2.44256671269735      -0.198165078738922     
   1.22128335634867        2.74788755178452      -0.185862093557394     
   1.22128335634867        3.05320839087168      -0.173700641909554     
   1.22128335634867        3.35852922995885      -0.161757133440236     
   1.22128335634867        3.66385006904602      -0.150208911163177     
   1.22128335634867        3.96917090813319      -0.139381830404828     
   1.22128335634867        4.27449174722036      -0.129613617360398     
   1.22128335634867        4.57981258630753      -0.120932551664153     
   1.22128335634867        4.88513342539469      -0.113161965007392     
   1.22128335634867        5.19045426448186      -0.106238317467464     
   1.22128335634867        5.49577510356903      -0.100201090339781     
   1.22128335634867        5.80109594265620      -9.506749709133056E-002
   1.22128335634867        6.10641678174337      -9.071812368845147E-002
   1.22128335634867        6.41173762083054      -8.694300122690643E-002
   1.22128335634867        6.71705845991770      -8.352397097367585E-002
   1.22128335634867        7.02237929900487      -8.020238166330132E-002
   1.22128335634867        7.32770013809204      -7.666552643825536E-002
   1.52660419543584       0.000000000000000E+000 -0.341489416764576     
   1.52660419543584       0.305320839087168      -0.337328127562547     
   1.52660419543584       0.610641678174337      -0.325437597473926     
   1.52660419543584       0.915962517261505      -0.307716519527000     
   1.52660419543584        1.22128335634867      -0.286832075074928     
   1.52660419543584        1.52660419543584      -0.265238981638671     
   1.52660419543584        1.83192503452301      -0.244774447510311     
   1.52660419543584        2.13724587361018      -0.226784596934858     
   1.52660419543584        2.44256671269735      -0.211052724548893     
   1.52660419543584        2.74788755178452      -0.196703725689356     
   1.52660419543584        3.05320839087168      -0.182983163397333     
   1.52660419543584        3.35852922995885      -0.169639067760380     
   1.52660419543584        3.66385006904602      -0.156882261407704     
   1.52660419543584        3.96917090813319      -0.145119376589953     
   1.52660419543584        4.27449174722036      -0.134641451697811     
   1.52660419543584        4.57981258630753      -0.125437626157553     
   1.52660419543584        4.88513342539469      -0.117287709895338     
   1.52660419543584        5.19045426448186      -0.109984292071882     
   1.52660419543584        5.49577510356903      -0.103443080599004     
   1.52660419543584        5.80109594265620      -9.765360659445289E-002
   1.52660419543584        6.10641678174337      -9.256365595025430E-002
   1.52660419543584        6.41173762083054      -8.800234532907299E-002
   1.52660419543584        6.71705845991770      -8.380540124461355E-002
   1.52660419543584        7.02237929900487      -7.981815514275849E-002
   1.52660419543584        7.32770013809204      -7.593925332349083E-002
   1.83192503452301       0.000000000000000E+000 -0.429520682770887     
   1.83192503452301       0.305320839087168      -0.421759911013870     
   1.83192503452301       0.610641678174337      -0.400572050608821     
   1.83192503452301       0.915962517261505      -0.370145930291738     
   1.83192503452301        1.22128335634867      -0.335076900989176     
   1.83192503452301        1.52660419543584      -0.300403109662968     
   1.83192503452301        1.83192503452301      -0.269747864958341     
   1.83192503452301        2.13724587361018      -0.244442660945176     
   1.83192503452301        2.44256671269735      -0.223937615823811     
   1.83192503452301        2.74788755178452      -0.206716976161831     
   1.83192503452301        3.05320839087168      -0.191272153639729     
   1.83192503452301        3.35852922995885      -0.176743313820285     
   1.83192503452301        3.66385006904602      -0.163027759132772     
   1.83192503452301        3.96917090813319      -0.150456350377913     
   1.83192503452301        4.27449174722036      -0.139337766991313     
   1.83192503452301        4.57981258630753      -0.129672019647404     
   1.83192503452301        4.88513342539469      -0.121173865618165     
   1.83192503452301        5.19045426448186      -0.113499527231104     
   1.83192503452301        5.49577510356903      -0.106446484702754     
   1.83192503452301        5.80109594265620      -9.997977466077879E-002
   1.83192503452301        6.10641678174337      -9.411743977795417E-002
   1.83192503452301        6.41173762083054      -8.881452908918692E-002
   1.83192503452301        6.71705845991770      -8.395973611182191E-002
   1.83192503452301        7.02237929900487      -7.947338293136330E-002
   1.83192503452301        7.32770013809204      -7.533904061569431E-002
   2.13724587361018       0.000000000000000E+000 -0.560104494183732     
   2.13724587361018       0.305320839087168      -0.545617626507202     
   2.13724587361018       0.610641678174337      -0.506840671391356     
   2.13724587361018       0.915962517261505      -0.453909830828582     
   2.13724587361018        1.22128335634867      -0.397249019494012     
   2.13724587361018        1.52660419543584      -0.344452257487741     
   2.13724587361018        1.83192503452301      -0.299714142878945     
   2.13724587361018        2.13724587361018      -0.264266663482927     
   2.13724587361018        2.44256671269735      -0.237107851730109     
   2.13724587361018        2.74788755178452      -0.215972069742569     
   2.13724587361018        3.05320839087168      -0.198433881572486     
   2.13724587361018        3.35852922995885      -0.182785571254340     
   2.13724587361018        3.66385006904602      -0.168341678553007     
   2.13724587361018        3.96917090813319      -0.155166286245141     
   2.13724587361018        4.27449174722036      -0.143526230505597     
   2.13724587361018        4.57981258630753      -0.133448774251632     
   2.13724587361018        4.88513342539469      -0.124620808103315     
   2.13724587361018        5.19045426448186      -0.116594552073811     
   2.13724587361018        5.49577510356903      -0.109060248602004     
   2.13724587361018        5.80109594265620      -0.101952817921899     
   2.13724587361018        6.10641678174337      -9.535495404848243E-002
   2.13724587361018        6.41173762083054      -8.933857455144058E-002
   2.13724587361018        6.71705845991770      -8.389966684954209E-002
   2.13724587361018        7.02237929900487      -7.901003024973975E-002
   2.13724587361018        7.32770013809204      -7.467563679601927E-002
   2.44256671269735       0.000000000000000E+000 -0.748511272785177     
   2.44256671269735       0.305320839087168      -0.721058947581119     
   2.44256671269735       0.610641678174337      -0.650015038910348     
   2.44256671269735       0.915962517261505      -0.560978538720917     
   2.44256671269735        1.22128335634867      -0.473232489265284     
   2.44256671269735        1.52660419543584      -0.396363712433721     
   2.44256671269735        1.83192503452301      -0.333854488291380     
   2.44256671269735        2.13724587361018      -0.285874510876785     
   2.44256671269735        2.44256671269735      -0.250499930546717     
   2.44256671269735        2.74788755178452      -0.224529140907512     
   2.44256671269735        3.05320839087168      -0.204501008738667     
   2.44256671269735        3.35852922995885      -0.187704761320575     
   2.44256671269735        3.66385006904602      -0.172686936280757     
   2.44256671269735        3.96917090813319      -0.159088267460186     
   2.44256671269735        4.27449174722036      -0.147051273896751     
   2.44256671269735        4.57981258630753      -0.136620070996899     
   2.44256671269735        4.88513342539469      -0.127486192278585     
   2.44256671269735        5.19045426448186      -0.119137059036847     
   2.44256671269735        5.49577510356903      -0.111173721330283     
   2.44256671269735        5.80109594265620      -0.103489023933433     
   2.44256671269735        6.10641678174337      -9.619909559310623E-002
   2.44256671269735        6.41173762083054      -8.945988277827688E-002
   2.44256671269735        6.71705845991770      -8.336959762274877E-002
   2.44256671269735        7.02237929900487      -7.801997922727594E-002
   2.44256671269735        7.32770013809204      -7.353018353453109E-002
   2.74788755178452       0.000000000000000E+000 -0.998991461020463     
   2.74788755178452       0.305320839087168      -0.954476889770918     
   2.74788755178452       0.610641678174337      -0.839252734228807     
   2.74788755178452       0.915962517261505      -0.693696456046674     
   2.74788755178452        1.22128335634867      -0.559772651338389     
   2.74788755178452        1.52660419543584      -0.452319636782547     
   2.74788755178452        1.83192503452301      -0.369362135864839     
   2.74788755178452        2.13724587361018      -0.307648585885838     
   2.74788755178452        2.44256671269735      -0.263402638491585     
   2.74788755178452        2.74788755178452      -0.232207930626202     
   2.74788755178452        3.05320839087168      -0.209506244754810     
   2.74788755178452        3.35852922995885      -0.191542496026252     
   2.74788755178452        3.66385006904602      -0.176035025853662     
   2.74788755178452        3.96917090813319      -0.162137111604025     
   2.74788755178452        4.27449174722036      -0.149812778326782     
   2.74788755178452        4.57981258630753      -0.139097989577613     
   2.74788755178452        4.88513342539469      -0.129699421192606     
   2.74788755178452        5.19045426448186      -0.121070949947748     
   2.74788755178452        5.49577510356903      -0.112745009135264     
   2.74788755178452        5.80109594265620      -0.104559179098108     
   2.74788755178452        6.10641678174337      -9.661198626684937E-002
   2.74788755178452        6.41173762083054      -8.906601618895423E-002
   2.74788755178452        6.71705845991770      -8.215462279125024E-002
   2.74788755178452        7.02237929900487      -7.634779385259428E-002
   2.74788755178452        7.32770013809204      -7.185345500407515E-002
   3.05320839087168       0.000000000000000E+000  -1.26974004376895     
   3.05320839087168       0.305320839087168       -1.20665324376766     
   3.05320839087168       0.610641678174337       -1.04173898963950     
   3.05320839087168       0.915962517261505      -0.836769141062474     
   3.05320839087168        1.22128335634867      -0.647271468659304     
   3.05320839087168        1.52660419543584      -0.504937373072790     
   3.05320839087168        1.83192503452301      -0.401445323520730     
   3.05320839087168        2.13724587361018      -0.326828533319562     
   3.05320839087168        2.44256671269735      -0.274457078398549     
   3.05320839087168        2.74788755178452      -0.238493332415787     
   3.05320839087168        3.05320839087168      -0.213339245278733     
   3.05320839087168        3.35852922995885      -0.194307133320670     
   3.05320839087168        3.66385006904602      -0.178382432610703     
   3.05320839087168        3.96917090813319      -0.164277811827270     
   3.05320839087168        4.27449174722036      -0.151766970004587     
   3.05320839087168        4.57981258630753      -0.140850926168043     
   3.05320839087168        4.88513342539469      -0.131249209305068     
   3.05320839087168        5.19045426448186      -0.122402929241121     
   3.05320839087168        5.49577510356903      -0.113795562439471     
   3.05320839087168        5.80109594265620      -0.105199496492656     
   3.05320839087168        6.10641678174337      -9.663310397989951E-002
   3.05320839087168        6.41173762083054      -8.818505030662885E-002
   3.05320839087168        6.71705845991770      -8.039549693669754E-002
   3.05320839087168        7.02237929900487      -7.418639785122719E-002
   3.05320839087168        7.32770013809204      -6.988705724130574E-002
   3.35852922995885       0.000000000000000E+000  -1.46890991672219     
   3.35852922995885       0.305320839087168       -1.39757289036025     
   3.35852922995885       0.610641678174337       -1.20187190064034     
   3.35852922995885       0.915962517261505      -0.948616682211780     
   3.35852922995885        1.22128335634867      -0.716559965672147     
   3.35852922995885        1.52660419543584      -0.543670059796386     
   3.35852922995885        1.83192503452301      -0.424191757762749     
   3.35852922995885        2.13724587361018      -0.340158272998165     
   3.35852922995885        2.44256671269735      -0.282013839407050     
   3.35852922995885        2.74788755178452      -0.242677837669931     
   3.35852922995885        3.05320839087168      -0.215773420150556     
   3.35852922995885        3.35852922995885      -0.195961469418610     
   3.35852922995885        3.66385006904602      -0.179735676941846     
   3.35852922995885        3.96917090813319      -0.165516506583833     
   3.35852922995885        4.27449174722036      -0.152915552611196     
   3.35852922995885        4.57981258630753      -0.141885433957360     
   3.35852922995885        4.88513342539469      -0.132157227214566     
   3.35852922995885        5.19045426448186      -0.123172602212386     
   3.35852922995885        5.49577510356903      -0.114384028702960     
   3.35852922995885        5.80109594265620      -0.105504431366921     
   3.35852922995885        6.10641678174337      -9.643526853424264E-002
   3.35852922995885        6.41173762083054      -8.721517944470102E-002
   3.35852922995885        6.71705845991770      -7.860624751843300E-002
   3.35852922995885        7.02237929900487      -7.217430216234022E-002
   3.35852922995885        7.32770013809204      -6.815578145465799E-002
   3.66385006904602       0.000000000000000E+000  -1.59648071983657     
   3.66385006904602       0.305320839087168       -1.46406848870760     
   3.66385006904602       0.610641678174337       -1.26156956854747     
   3.66385006904602       0.915962517261505      -0.991188538329568     
   3.66385006904602        1.22128335634867      -0.743056103734632     
   3.66385006904602        1.52660419543584      -0.558101265578892     
   3.66385006904602        1.83192503452301      -0.432470462291683     
   3.66385006904602        2.13724587361018      -0.344954781911558     
   3.66385006904602        2.44256671269735      -0.284712159177352     
   3.66385006904602        2.74788755178452      -0.244154421314686     
   3.66385006904602        3.05320839087168      -0.216610814990184     
   3.66385006904602        3.35852922995885      -0.196506212426948     
   3.66385006904602        3.66385006904602      -0.180165437709390     
   3.66385006904602        3.96917090813319      -0.165914139982749     
   3.66385006904602        4.27449174722036      -0.153292173280328     
   3.66385006904602        4.57981258630753      -0.142226759040584     
   3.66385006904602        4.88513342539469      -0.132455667259423     
   3.66385006904602        5.19045426448186      -0.123423520202289     
   3.66385006904602        5.49577510356903      -0.114571671644715     
   3.66385006904602        5.80109594265620      -0.105587766668604     
   3.66385006904602        6.10641678174337      -9.631667385561231E-002
   3.66385006904602        6.41173762083054      -8.677829403102746E-002
   3.66385006904602        6.71705845991770      -7.781211216918948E-002
   3.66385006904602        7.02237929900487      -7.136766361019646E-002
   3.66385006904602        7.32770013809204      -6.685007995963753E-002
   3.96917090813319       0.000000000000000E+000  -1.46891445966367     
   3.96917090813319       0.305320839087168       -1.39773018759930     
   3.96917090813319       0.610641678174337       -1.20202182298608     
   3.96917090813319       0.915962517261505      -0.948715311160071     
   3.96917090813319        1.22128335634867      -0.716615787959535     
   3.96917090813319        1.52660419543584      -0.543701514715914     
   3.96917090813319        1.83192503452301      -0.424210996175547     
   3.96917090813319        2.13724587361018      -0.340170407445074     
   3.96917090813319        2.44256671269735      -0.282022018764580     
   3.96917090813319        2.74788755178452      -0.242684287833969     
   3.96917090813319        3.05320839087168      -0.215779470244006     
   3.96917090813319        3.35852922995885      -0.195967644810247     
   3.96917090813319        3.66385006904602      -0.179741998263884     
   3.96917090813319        3.96917090813319      -0.165522669305232     
   3.96917090813319        4.27449174722036      -0.152921217014567     
   3.96917090813319        4.57981258630753      -0.141890331247482     
   3.96917090813319        4.88513342539469      -0.132161082855756     
   3.96917090813319        5.19045426448186      -0.123175203722740     
   3.96917090813319        5.49577510356903      -0.114385200916571     
   3.96917090813319        5.80109594265620      -0.105503978391275     
   3.96917090813319        6.10641678174337      -9.643255703855597E-002
   3.96917090813319        6.41173762083054      -8.720926033118090E-002
   3.96917090813319        6.71705845991770      -7.859702589737591E-002
   3.96917090813319        7.02237929900487      -7.216502702316968E-002
   3.96917090813319        7.32770013809204      -6.815721717096450E-002
   4.27449174722036       0.000000000000000E+000  -1.26974745363503     
   4.27449174722036       0.305320839087168       -1.20680599238123     
   4.27449174722036       0.610641678174337       -1.04191658553203     
   4.27449174722036       0.915962517261505      -0.836902134520285     
   4.27449174722036        1.22128335634867      -0.647352648090028     
   4.27449174722036        1.52660419543584      -0.504987507287837     
   4.27449174722036        1.83192503452301      -0.401477076762460     
   4.27449174722036        2.13724587361018      -0.326848847498989     
   4.27449174722036        2.44256671269735      -0.274471134544560     
   4.27449174722036        2.74788755178452      -0.238504889381764     
   4.27449174722036        3.05320839087168      -0.213350584223039     
   4.27449174722036        3.35852922995885      -0.194319136135466     
   4.27449174722036        3.66385006904602      -0.178394895086801     
   4.27449174722036        3.96917090813319      -0.164290105099911     
   4.27449174722036        4.27449174722036      -0.151778389404927     
   4.27449174722036        4.57981258630753      -0.140860842250957     
   4.27449174722036        4.88513342539469      -0.131257116287485     
   4.27449174722036        5.19045426448186      -0.122408454912946     
   4.27449174722036        5.49577510356903      -0.113798411810751     
   4.27449174722036        5.80109594265620      -0.105199482425861     
   4.27449174722036        6.10641678174337      -9.662975718694970E-002
   4.27449174722036        6.41173762083054      -8.817741804842806E-002
   4.27449174722036        6.71705845991770      -8.038479524030410E-002
   4.27449174722036        7.02237929900487      -7.417796566549593E-002
   4.27449174722036        7.32770013809204      -6.988950339727214E-002
   4.57981258630753       0.000000000000000E+000 -0.998998678629618     
   4.57981258630753       0.305320839087168      -0.954579492622634     
   4.57981258630753       0.610641678174337      -0.839386439946140     
   4.57981258630753       0.915962517261505      -0.693807123265370     
   4.57981258630753        1.22128335634867      -0.559850328326475     
   4.57981258630753        1.52660419543584      -0.452372195851698     
   4.57981258630753        1.83192503452301      -0.369396502613103     
   4.57981258630753        2.13724587361018      -0.307671007865325     
   4.57981258630753        2.44256671269735      -0.263418769851849     
   4.57981258630753        2.74788755178452      -0.232222297016900     
   4.57981258630753        3.05320839087168      -0.209521440363926     
   4.57981258630753        3.35852922995885      -0.191559348188762     
   4.57981258630753        3.66385006904602      -0.176053059323501     
   4.57981258630753        3.96917090813319      -0.162155245686362     
   4.57981258630753        4.27449174722036      -0.149829878636339     
   4.57981258630753        4.57981258630753      -0.139113035522333     
   4.57981258630753        4.88513342539469      -0.129711683622622     
   4.57981258630753        5.19045426448186      -0.121079873623148     
   4.57981258630753        5.49577510356903      -0.112750312112369     
   4.57981258630753        5.80109594265620      -0.104560775630496     
   4.57981258630753        6.10641678174337      -9.660997742590482E-002
   4.57981258630753        6.41173762083054      -8.906050496441853E-002
   4.57981258630753        6.71705845991770      -8.214705259289201E-002
   4.57981258630753        7.02237929900487      -7.634281937994161E-002
   4.57981258630753        7.32770013809204      -7.185621940813321E-002
   4.88513342539469       0.000000000000000E+000 -0.748516713752526     
   4.88513342539469       0.305320839087168      -0.721116116435478     
   4.88513342539469       0.610641678174337      -0.650093990792911     
   4.88513342539469       0.915962517261505      -0.561053297739262     
   4.88513342539469        1.22128335634867      -0.473292113104894     
   4.88513342539469        1.52660419543584      -0.396406273037062     
   4.88513342539469        1.83192503452301      -0.333882586128732     
   4.88513342539469        2.13724587361018      -0.285892957933717     
   4.88513342539469        2.44256671269735      -0.250514082583106     
   4.88513342539469        2.74788755178452      -0.224543438130633     
   4.88513342539469        3.05320839087168      -0.204517937869888     
   4.88513342539469        3.35852922995885      -0.187724872081780     
   4.88513342539469        3.66385006904602      -0.172709329520859     
   4.88513342539469        3.96917090813319      -0.159111407620888     
   4.88513342539469        4.27449174722036      -0.147073528900393     
   4.88513342539469        4.57981258630753      -0.136640042833273     
   4.88513342539469        4.88513342539469      -0.127502830949630     
   4.88513342539469        5.19045426448186      -0.119149721686592     
   4.88513342539469        5.49577510356903      -0.111182070432103     
   4.88513342539469        5.80109594265620      -0.103493131107224     
   4.88513342539469        6.10641678174337      -9.619938771830182E-002
   4.88513342539469        6.41173762083054      -8.945731980041370E-002
   4.88513342539469        6.71705845991770      -8.336595354256608E-002
   4.88513342539469        7.02237929900487      -7.801824379085379E-002
   4.88513342539469        7.32770013809204      -7.353362031429916E-002
   5.19045426448186       0.000000000000000E+000 -0.560107829158971     
   5.19045426448186       0.305320839087168      -0.545645850054351     
   5.19045426448186       0.610641678174337      -0.506882994315378     
   5.19045426448186       0.915962517261505      -0.453953626096768     
   5.19045426448186        1.22128335634867      -0.397285567468178     
   5.19045426448186        1.52660419543584      -0.344478158380330     
   5.19045426448186        1.83192503452301      -0.299730326484270     
   5.19045426448186        2.13724587361018      -0.264276865446463     
   5.19045426448186        2.44256671269735      -0.237116720024246     
   5.19045426448186        2.74788755178452      -0.215983516974986     
   5.19045426448186        3.05320839087168      -0.198450034382224     
   5.19045426448186        3.35852922995885      -0.182806698435245     
   5.19045426448186        3.66385006904602      -0.168366618612616     
   5.19045426448186        3.96917090813319      -0.155193055013900     
   5.19045426448186        4.27449174722036      -0.143552662361064     
   5.19045426448186        4.57981258630753      -0.133473029129822     
   5.19045426448186        4.88513342539469      -0.124641527892428     
   5.19045426448186        5.19045426448186      -0.116610916732274     
   5.19045426448186        5.49577510356903      -0.109071917463918     
   5.19045426448186        5.80109594265620      -0.101959828064702     
   5.19045426448186        6.10641678174337      -9.535779014635673E-002
   5.19045426448186        6.41173762083054      -8.933823248643623E-002
   5.19045426448186        6.71705845991770      -8.389802863277369E-002
   5.19045426448186        7.02237929900487      -7.900999148401039E-002
   5.19045426448186        7.32770013809204      -7.468005521564600E-002
   5.49577510356903       0.000000000000000E+000 -0.429522622138783     
   5.49577510356903       0.305320839087168      -0.421770085538690     
   5.49577510356903       0.610641678174337      -0.400587572077754     
   5.49577510356903       0.915962517261505      -0.370162542379373     
   5.49577510356903        1.22128335634867      -0.335090326741783     
   5.49577510356903        1.52660419543584      -0.300410883189720     
   5.49577510356903        1.83192503452301      -0.269750538679721     
   5.49577510356903        2.13724587361018      -0.244443009619517     
   5.49577510356903        2.44256671269735      -0.223939450434001     
   5.49577510356903        2.74788755178452      -0.206723496611719     
   5.49577510356903        3.05320839087168      -0.191285177171034     
   5.49577510356903        3.35852922995885      -0.176763097541479     
   5.49577510356903        3.66385006904602      -0.163053079221738     
   5.49577510356903        3.96917090813319      -0.150485060305302     
   5.49577510356903        4.27449174722036      -0.139367164878777     
   5.49577510356903        4.57981258630753      -0.129699634182901     
   5.49577510356903        4.88513342539469      -0.121197929859503     
   5.49577510356903        5.19045426448186      -0.113519057703425     
   5.49577510356903        5.49577510356903      -0.106461157348022     
   5.49577510356903        5.80109594265620      -9.998963618276428E-002
   5.49577510356903        6.10641678174337      -9.412259464882364E-002
   5.49577510356903        6.41173762083054      -8.881527451382482E-002
   5.49577510356903        6.71705845991770      -8.395763893007843E-002
   5.49577510356903        7.02237929900487      -7.947252834385046E-002
   5.49577510356903        7.32770013809204      -7.534415876131617E-002
   5.80109594265620       0.000000000000000E+000 -0.341490470892451     
   5.80109594265620       0.305320839087168      -0.337323863836367     
   5.80109594265620       0.610641678174337      -0.325430688555612     
   5.80109594265620       0.915962517261505      -0.307709047667646     
   5.80109594265620        1.22128335634867      -0.286824414222250     
   5.80109594265620        1.52660419543584      -0.265230583423662     
   5.80109594265620        1.83192503452301      -0.244765122954711     
   5.80109594265620        2.13724587361018      -0.226775969024763     
   5.80109594265620        2.44256671269735      -0.211047461706695     
   5.80109594265620        2.74788755178452      -0.196704318325039     
   5.80109594265620        3.05320839087168      -0.182991330224847     
   5.80109594265620        3.35852922995885      -0.169655463443679     
   5.80109594265620        3.66385006904602      -0.156906342874966     
   5.80109594265620        3.96917090813319      -0.145148862881144     
   5.80109594265620        4.27449174722036      -0.134672852770068     
   5.80109594265620        4.57981258630753      -0.125467601850291     
   5.80109594265620        4.88513342539469      -0.117314041579107     
   5.80109594265620        5.19045426448186      -0.110006013390121     
   5.80109594265620        5.49577510356903      -0.103460138169051     
   5.80109594265620        5.80109594265620      -9.766605169853029E-002
   5.80109594265620        6.10641678174337      -9.257097906424118E-002
   5.80109594265620        6.41173762083054      -8.800318632521124E-002
   5.80109594265620        6.71705845991770      -8.380087963272626E-002
   5.80109594265620        7.02237929900487      -7.981521291334785E-002
   5.80109594265620        7.32770013809204      -7.594669384269906E-002
   6.10641678174337       0.000000000000000E+000 -0.284502314398593     
   6.10641678174337       0.305320839087168      -0.282460005021100     
   6.10641678174337       0.610641678174337      -0.276058301344095     
   6.10641678174337       0.915962517261505      -0.265417678072827     
   6.10641678174337        1.22128335634867      -0.252185995328133     
   6.10641678174337        1.52660419543584      -0.238105999364108     
   6.10641678174337        1.83192503452301      -0.224122149836100     
   6.10641678174337        2.13724587361018      -0.210790327983350     
   6.10641678174337        2.44256671269735      -0.198154390607465     
   6.10641678174337        2.74788755178452      -0.185857160775024     
   6.10641678174337        3.05320839087168      -0.173702814351763     
   6.10641678174337        3.35852922995885      -0.161768280643647     
   6.10641678174337        3.66385006904602      -0.150230794374102     
   6.10641678174337        3.96917090813319      -0.139412559101092     
   6.10641678174337        4.27449174722036      -0.129647417755074     
   6.10641678174337        4.57981258630753      -0.120964351058457     
   6.10641678174337        4.88513342539469      -0.113189385111471     
   6.10641678174337        5.19045426448186      -0.106260943904613     
   6.10641678174337        5.49577510356903      -0.100219571804292     
   6.10641678174337        5.80109594265620      -9.508265454105284E-002
   6.10641678174337        6.10641678174337      -9.072899333555978E-002
   6.10641678174337        6.41173762083054      -8.694607655495049E-002
   6.10641678174337        6.71705845991770      -8.351754692641178E-002
   6.10641678174337        7.02237929900487      -8.019678671074505E-002
   6.10641678174337        7.32770013809204      -7.667914246940484E-002
   6.41173762083054       0.000000000000000E+000 -0.248391025828315     
   6.41173762083054       0.305320839087168      -0.247955482436641     
   6.41173762083054       0.610641678174337      -0.244491356183388     
   6.41173762083054       0.915962517261505      -0.237058102718519     
   6.41173762083054        1.22128335634867      -0.227422524308350     
   6.41173762083054        1.52660419543584      -0.217053972035887     
   6.41173762083054        1.83192503452301      -0.206426514656807     
   6.41173762083054        2.13724587361018      -0.195720872519440     
   6.41173762083054        2.44256671269735      -0.185015023957389     
   6.41173762083054        2.74788755178452      -0.174284917515688     
   6.41173762083054        3.05320839087168      -0.163656815566481     
   6.41173762083054        3.35852922995885      -0.153255762080311     
   6.41173762083054        3.66385006904602      -0.143129513116998     
   6.41173762083054        3.96917090813319      -0.133441400117189     
   6.41173762083054        4.27449174722036      -0.124471742735056     
   6.41173762083054        4.57981258630753      -0.116376650002812     
   6.41173762083054        4.88513342539469      -0.109049020399753     
   6.41173762083054        5.19045426448186      -0.102485095091946     
   6.41173762083054        5.49577510356903      -9.687512289020275E-002
   6.41173762083054        5.80109594265620      -9.228734832917294E-002
   6.41173762083054        6.10641678174337      -8.862406737816915E-002
   6.41173762083054        6.41173762083054      -8.560119149594057E-002
   6.41173762083054        6.71705845991770      -8.296361101518063E-002
   6.41173762083054        7.02237929900487      -8.051581304002242E-002
   6.41173762083054        7.32770013809204      -7.758957784332886E-002
   6.71705845991770       0.000000000000000E+000 -0.223491261369634     
   6.71705845991770       0.305320839087168      -0.224656332029321     
   6.71705845991770       0.610641678174337      -0.222134343795492     
   6.71705845991770       0.915962517261505      -0.215687193810913     
   6.71705845991770        1.22128335634867      -0.207639085106581     
   6.71705845991770        1.52660419543584      -0.199094126998014     
   6.71705845991770        1.83192503452301      -0.190248511213296     
   6.71705845991770        2.13724587361018      -0.181063521019187     
   6.71705845991770        2.44256671269735      -0.171699106142279     
   6.71705845991770        2.74788755178452      -0.162235327826229     
   6.71705845991770        3.05320839087168      -0.153027566201147     
   6.71705845991770        3.35852922995885      -0.144502097950270     
   6.71705845991770        3.66385006904602      -0.136251508077318     
   6.71705845991770        3.96917090813319      -0.127909816665917     
   6.71705845991770        4.27449174722036      -0.119865361354546     
   6.71705845991770        4.57981258630753      -0.112158936103793     
   6.71705845991770        4.88513342539469      -0.105128482241075     
   6.71705845991770        5.19045426448186      -9.884484703931334E-002
   6.71705845991770        5.49577510356903      -9.352388313612923E-002
   6.71705845991770        5.80109594265620      -8.939420882567363E-002
   6.71705845991770        6.10641678174337      -8.635198784707403E-002
   6.71705845991770        6.41173762083054      -8.396030980903119E-002
   6.71705845991770        6.71705845991770      -8.180031718114154E-002
   6.71705845991770        7.02237929900487      -8.020186394770912E-002
   6.71705845991770        7.32770013809204      -7.844719390463033E-002
   7.02237929900487       0.000000000000000E+000 -0.204589715745833     
   7.02237929900487       0.305320839087168      -0.206336904684672     
   7.02237929900487       0.610641678174337      -0.201242079194708     
   7.02237929900487       0.915962517261505      -0.196038336703436     
   7.02237929900487        1.22128335634867      -0.189590349784737     
   7.02237929900487        1.52660419543584      -0.182399664155780     
   7.02237929900487        1.83192503452301      -0.174815874855652     
   7.02237929900487        2.13724587361018      -0.166862467151215     
   7.02237929900487        2.44256671269735      -0.158650270345123     
   7.02237929900487        2.74788755178452      -0.150237796088830     
   7.02237929900487        3.05320839087168      -0.142432276422466     
   7.02237929900487        3.35852922995885      -0.136553924241680     
   7.02237929900487        3.66385006904602      -0.130986540664793     
   7.02237929900487        3.96917090813319      -0.123697830102308     
   7.02237929900487        4.27449174722036      -0.116531583852904     
   7.02237929900487        4.57981258630753      -0.108871847300949     
   7.02237929900487        4.88513342539469      -0.101635193561955     
   7.02237929900487        5.19045426448186      -9.542816400647096E-002
   7.02237929900487        5.49577510356903      -9.027843890914035E-002
   7.02237929900487        5.80109594265620      -8.654630352417640E-002
   7.02237929900487        6.10641678174337      -8.407713201452718E-002
   7.02237929900487        6.41173762083054      -8.235353030339192E-002
   7.02237929900487        6.71705845991770      -8.051391709612014E-002
   7.02237929900487        7.02237929900487      -7.888314262331900E-002
   7.02237929900487        7.32770013809204      -7.839207546779683E-002
   7.32770013809204       0.000000000000000E+000 -0.190624676784165     
   7.32770013809204       0.305320839087168      -0.190135468047399     
   7.32770013809204       0.610641678174337      -0.183682479782601     
   7.32770013809204       0.915962517261505      -0.178591441046323     
   7.32770013809204        1.22128335634867      -0.172973408659546     
   7.32770013809204        1.52660419543584      -0.166836675959935     
   7.32770013809204        1.83192503452301      -0.160365667657201     
   7.32770013809204        2.13724587361018      -0.153622399796683     
   7.32770013809204        2.44256671269735      -0.146550528741106     
   7.32770013809204        2.74788755178452      -0.139216748025227     
   7.32770013809204        3.05320839087168      -0.132732882451442     
   7.32770013809204        3.35852922995885      -0.129160956056312     
   7.32770013809204        3.66385006904602      -0.126297325836165     
   7.32770013809204        3.96917090813319      -0.120578391948064     
   7.32770013809204        4.27449174722036      -0.114161152314179     
   7.32770013809204        4.57981258630753      -0.106069791661000     
   7.32770013809204        4.88513342539469      -9.844210801973673E-002
   7.32770013809204        5.19045426448186      -9.218920710613120E-002
   7.32770013809204        5.49577510356903      -8.721257906001043E-002
   7.32770013809204        5.80109594265620      -8.379324075769286E-002
   7.32770013809204        6.10641678174337      -8.181186806171660E-002
   7.32770013809204        6.41173762083054      -8.088456358507169E-002
   7.32770013809204        6.71705845991770      -8.026276128502059E-002
   7.32770013809204        7.02237929900487      -7.878134890396675E-002
   7.32770013809204        7.32770013809204      -7.603260921700801E-002
