  0.000000000000000E+000  0.000000000000000E+000 -0.166418471170388     
  0.000000000000000E+000  0.305320839087168      -0.171242244494073     
  0.000000000000000E+000  0.610641678174337      -0.172610128899492     
  0.000000000000000E+000  0.915962517261505      -0.173346721758467     
  0.000000000000000E+000   1.22128335634867      -0.173736551857424     
  0.000000000000000E+000   1.52660419543584      -0.173915607346048     
  0.000000000000000E+000   1.83192503452301      -0.173855477868760     
  0.000000000000000E+000   2.13724587361018      -0.173463298266527     
  0.000000000000000E+000   2.44256671269735      -0.172557541257608     
  0.000000000000000E+000   2.74788755178452      -0.171025403457539     
  0.000000000000000E+000   3.05320839087168      -0.169006276912217     
  0.000000000000000E+000   3.35852922995885      -0.166764304485028     
  0.000000000000000E+000   3.66385006904602      -0.163019112505890     
  0.000000000000000E+000   3.96917090813319      -0.158335308639918     
  0.000000000000000E+000   4.27449174722036      -0.151655941557113     
  0.000000000000000E+000   4.57981258630753      -0.141670538242619     
  0.000000000000000E+000   4.88513342539469      -0.131707065246017     
  0.000000000000000E+000   5.19045426448186      -0.123290935693380     
  0.000000000000000E+000   5.49577510356903      -0.116397307702628     
  0.000000000000000E+000   5.80109594265620      -0.111230777444262     
  0.000000000000000E+000   6.10641678174337      -0.107617237827382     
  0.000000000000000E+000   6.41173762083054      -0.105133044703399     
  0.000000000000000E+000   6.71705845991770      -0.103034236479996     
  0.000000000000000E+000   7.02237929900487      -0.100387753227277     
  0.000000000000000E+000   7.32770013809204      -9.665773084487611E-002
  0.305320839087168       0.000000000000000E+000 -0.173982424929822     
  0.305320839087168       0.305320839087168      -0.177023070992231     
  0.305320839087168       0.610641678174337      -0.182159129062616     
  0.305320839087168       0.915962517261505      -0.187317096953089     
  0.305320839087168        1.22128335634867      -0.189826400087248     
  0.305320839087168        1.52660419543584      -0.190818055324251     
  0.305320839087168        1.83192503452301      -0.190976126980071     
  0.305320839087168        2.13724587361018      -0.190426947177939     
  0.305320839087168        2.44256671269735      -0.188991168574569     
  0.305320839087168        2.74788755178452      -0.186140734085648     
  0.305320839087168        3.05320839087168      -0.181539590291041     
  0.305320839087168        3.35852922995885      -0.175724013889132     
  0.305320839087168        3.66385006904602      -0.169940717366329     
  0.305320839087168        3.96917090813319      -0.164666550217549     
  0.305320839087168        4.27449174722036      -0.157907279821198     
  0.305320839087168        4.57981258630753      -0.148653894734073     
  0.305320839087168        4.88513342539469      -0.139047685691054     
  0.305320839087168        5.19045426448186      -0.130483880019148     
  0.305320839087168        5.49577510356903      -0.123101205337763     
  0.305320839087168        5.80109594265620      -0.117247949854139     
  0.305320839087168        6.10641678174337      -0.112759034441957     
  0.305320839087168        6.41173762083054      -0.109113625009818     
  0.305320839087168        6.71705845991770      -0.105436989435284     
  0.305320839087168        7.02237929900487      -0.102126531384592     
  0.305320839087168        7.32770013809204      -0.100096640004859     
  0.610641678174337       0.000000000000000E+000 -0.182667176298356     
  0.610641678174337       0.305320839087168      -0.189817861134134     
  0.610641678174337       0.610641678174337      -0.197326796500968     
  0.610641678174337       0.915962517261505      -0.203638236627049     
  0.610641678174337        1.22128335634867      -0.207425263448302     
  0.610641678174337        1.52660419543584      -0.209318279331416     
  0.610641678174337        1.83192503452301      -0.209857694118762     
  0.610641678174337        2.13724587361018      -0.209287836274828     
  0.610641678174337        2.44256671269735      -0.207360309407104     
  0.610641678174337        2.74788755178452      -0.203513870231845     
  0.610641678174337        3.05320839087168      -0.197062733398072     
  0.610641678174337        3.35852922995885      -0.188508272866856     
  0.610641678174337        3.66385006904602      -0.179853060247887     
  0.610641678174337        3.96917090813319      -0.172450044523233     
  0.610641678174337        4.27449174722036      -0.164732318934155     
  0.610641678174337        4.57981258630753      -0.155731544582147     
  0.610641678174337        4.88513342539469      -0.146463190000150     
  0.610641678174337        5.19045426448186      -0.137767255794274     
  0.610641678174337        5.49577510356903      -0.129959017066564     
  0.610641678174337        5.80109594265620      -0.123374396519586     
  0.610641678174337        6.10641678174337      -0.117943510741314     
  0.610641678174337        6.41173762083054      -0.113259798453112     
  0.610641678174337        6.71705845991770      -0.108852813863407     
  0.610641678174337        7.02237929900487      -0.104974146034700     
  0.610641678174337        7.32770013809204      -0.101258854603764     
  0.915962517261505       0.000000000000000E+000 -0.192427822390025     
  0.915962517261505       0.305320839087168      -0.203362124413608     
  0.915962517261505       0.610641678174337      -0.213233528795360     
  0.915962517261505       0.915962517261505      -0.221011585846364     
  0.915962517261505        1.22128335634867      -0.226313927483184     
  0.915962517261505        1.52660419543584      -0.229373244469916     
  0.915962517261505        1.83192503452301      -0.230508298209577     
  0.915962517261505        2.13724587361018      -0.230117521993125     
  0.915962517261505        2.44256671269735      -0.227766330069563     
  0.915962517261505        2.74788755178452      -0.223067608253775     
  0.915962517261505        3.05320839087168      -0.215725632841678     
  0.915962517261505        3.35852922995885      -0.206013442939542     
  0.915962517261505        3.66385006904602      -0.195334005353300     
  0.915962517261505        3.96917090813319      -0.184900435498221     
  0.915962517261505        4.27449174722036      -0.174684828848549     
  0.915962517261505        4.57981258630753      -0.164478870864844     
  0.915962517261505        4.88513342539469      -0.154596763364717     
  0.915962517261505        5.19045426448186      -0.145335368819542     
  0.915962517261505        5.49577510356903      -0.136891661784895     
  0.915962517261505        5.80109594265620      -0.129460683869168     
  0.915962517261505        6.10641678174337      -0.122998321208129     
  0.915962517261505        6.41173762083054      -0.117261938311818     
  0.915962517261505        6.71705845991770      -0.111989432780307     
  0.915962517261505        7.02237929900487      -0.106968431698428     
  0.915962517261505        7.32770013809204      -0.101695865758463     
   1.22128335634867       0.000000000000000E+000 -0.204034315774158     
   1.22128335634867       0.305320839087168      -0.217381629631321     
   1.22128335634867       0.610641678174337      -0.229623962316636     
   1.22128335634867       0.915962517261505      -0.239707616003957     
   1.22128335634867        1.22128335634867      -0.247061701166465     
   1.22128335634867        1.52660419543584      -0.251549488868168     
   1.22128335634867        1.83192503452301      -0.253477360911776     
   1.22128335634867        2.13724587361018      -0.253104018763596     
   1.22128335634867        2.44256671269735      -0.250051849045743     
   1.22128335634867        2.74788755178452      -0.244199304426029     
   1.22128335634867        3.05320839087168      -0.235645671561915     
   1.22128335634867        3.35852922995885      -0.224763552591149     
   1.22128335634867        3.66385006904602      -0.212316429763441     
   1.22128335634867        3.96917090813319      -0.199327363217691     
   1.22128335634867        4.27449174722036      -0.186577140999538     
   1.22128335634867        4.57981258630753      -0.174535467164012     
   1.22128335634867        4.88513342539469      -0.163401609877733     
   1.22128335634867        5.19045426448186      -0.153185173909527     
   1.22128335634867        5.49577510356903      -0.143835550868196     
   1.22128335634867        5.80109594265620      -0.135385910348787     
   1.22128335634867        6.10641678174337      -0.127787708968054     
   1.22128335634867        6.41173762083054      -0.120872283860667     
   1.22128335634867        6.71705845991770      -0.114470315321625     
   1.22128335634867        7.02237929900487      -0.108348146049955     
   1.22128335634867        7.32770013809204      -0.102221647582487     
   1.52660419543584       0.000000000000000E+000 -0.219243858366700     
   1.52660419543584       0.305320839087168      -0.234713798946254     
   1.52660419543584       0.610641678174337      -0.249230768663208     
   1.52660419543584       0.915962517261505      -0.261751378563229     
   1.52660419543584        1.22128335634867      -0.271276623337709     
   1.52660419543584        1.52660419543584      -0.277251281603298     
   1.52660419543584        1.83192503452301      -0.279736588171531     
   1.52660419543584        2.13724587361018      -0.278612637853091     
   1.52660419543584        2.44256671269735      -0.274052700595498     
   1.52660419543584        2.74788755178452      -0.266410440338961     
   1.52660419543584        3.05320839087168      -0.256050146921261     
   1.52660419543584        3.35852922995885      -0.243380379267086     
   1.52660419543584        3.66385006904602      -0.229031943447962     
   1.52660419543584        3.96917090813319      -0.213914846029386     
   1.52660419543584        4.27449174722036      -0.199018441269838     
   1.52660419543584        4.57981258630753      -0.185101563283964     
   1.52660419543584        4.88513342539469      -0.172491988371500     
   1.52660419543584        5.19045426448186      -0.161113182417605     
   1.52660419543584        5.49577510356903      -0.150716510660194     
   1.52660419543584        5.80109594265620      -0.141136544505725     
   1.52660419543584        6.10641678174337      -0.132351673436885     
   1.52660419543584        6.41173762083054      -0.124274322564910     
   1.52660419543584        6.71705845991770      -0.116816967290761     
   1.52660419543584        7.02237929900487      -0.109842864640135     
   1.52660419543584        7.32770013809204      -0.103181539414704     
   1.83192503452301       0.000000000000000E+000 -0.239569476607405     
   1.83192503452301       0.305320839087168      -0.257463471213597     
   1.83192503452301       0.610641678174337      -0.274329586741695     
   1.83192503452301       0.915962517261505      -0.289218056966049     
   1.83192503452301        1.22128335634867      -0.300818221132736     
   1.83192503452301        1.52660419543584      -0.308002172172861     
   1.83192503452301        1.83192503452301      -0.310043777829694     
   1.83192503452301        2.13724587361018      -0.307007225224468     
   1.83192503452301        2.44256671269735      -0.299708179545801     
   1.83192503452301        2.74788755178452      -0.289206611261346     
   1.83192503452301        3.05320839087168      -0.276304218894841     
   1.83192503452301        3.35852922995885      -0.261464991839057     
   1.83192503452301        3.66385006904602      -0.245133770037581     
   1.83192503452301        3.96917090813319      -0.228045509252534     
   1.83192503452301        4.27449174722036      -0.211192497936232     
   1.83192503452301        4.57981258630753      -0.195484312554465     
   1.83192503452301        4.88513342539469      -0.181382591710679     
   1.83192503452301        5.19045426448186      -0.168802720908622     
   1.83192503452301        5.49577510356903      -0.157355838550165     
   1.83192503452301        5.80109594265620      -0.146713035782502     
   1.83192503452301        6.10641678174337      -0.136792160534773     
   1.83192503452301        6.41173762083054      -0.127660748783025     
   1.83192503452301        6.71705845991770      -0.119332408911706     
   1.83192503452301        7.02237929900487      -0.111719213071312     
   1.83192503452301        7.32770013809204      -0.104655890138915     
   2.13724587361018       0.000000000000000E+000 -0.266389088076299     
   2.13724587361018       0.305320839087168      -0.287208002350439     
   2.13724587361018       0.610641678174337      -0.306316377303113     
   2.13724587361018       0.915962517261505      -0.323181782223771     
   2.13724587361018        1.22128335634867      -0.336318630416171     
   2.13724587361018        1.52660419543584      -0.343818355452035     
   2.13724587361018        1.83192503452301      -0.344392956198931     
   2.13724587361018        2.13724587361018      -0.338216548925394     
   2.13724587361018        2.44256671269735      -0.326832575690393     
   2.13724587361018        2.74788755178452      -0.312229166340794     
   2.13724587361018        3.05320839087168      -0.295861916574878     
   2.13724587361018        3.35852922995885      -0.278348863059935     
   2.13724587361018        3.66385006904602      -0.259915475878267     
   2.13724587361018        3.96917090813319      -0.240994575161022     
   2.13724587361018        4.27449174722036      -0.222413190325467     
   2.13724587361018        4.57981258630753      -0.205105382368337     
   2.13724587361018        4.88513342539469      -0.189631729375465     
   2.13724587361018        5.19045426448186      -0.175930182091430     
   2.13724587361018        5.49577510356903      -0.163517962043954     
   2.13724587361018        5.80109594265620      -0.151936975787667     
   2.13724587361018        6.10641678174337      -0.141056413314020     
   2.13724587361018        6.41173762083054      -0.131028101876786     
   2.13724587361018        6.71705845991770      -0.122010914018054     
   2.13724587361018        7.02237929900487      -0.113948340215722     
   2.13724587361018        7.32770013809204      -0.106578094998783     
   2.44256671269735       0.000000000000000E+000 -0.301107839664043     
   2.44256671269735       0.305320839087168      -0.325353461157705     
   2.44256671269735       0.610641678174337      -0.346099416485370     
   2.44256671269735       0.915962517261505      -0.363571778419212     
   2.44256671269735        1.22128335634867      -0.376739256877350     
   2.44256671269735        1.52660419543584      -0.383357099382813     
   2.44256671269735        1.83192503452301      -0.381479881035655     
   2.44256671269735        2.13724587361018      -0.371171767716532     
   2.44256671269735        2.44256671269735      -0.354638135708453     
   2.44256671269735        2.74788755178452      -0.334900345295254     
   2.44256671269735        3.05320839087168      -0.314245210901324     
   2.44256671269735        3.35852922995885      -0.293574706858857     
   2.44256671269735        3.66385006904602      -0.272906989362249     
   2.44256671269735        3.96917090813319      -0.252278579915664     
   2.44256671269735        4.27449174722036      -0.232213916591602     
   2.44256671269735        4.57981258630753      -0.213556209955079     
   2.44256671269735        4.88513342539469      -0.196907147707390     
   2.44256671269735        5.19045426448186      -0.182228646645381     
   2.44256671269735        5.49577510356903      -0.168978589172584     
   2.44256671269735        5.80109594265620      -0.156601980991578     
   2.44256671269735        6.10641678174337      -0.144928091452864     
   2.44256671269735        6.41173762083054      -0.134174578101402     
   2.44256671269735        6.71705845991770      -0.124620793116842     
   2.44256671269735        7.02237929900487      -0.116257781974403     
   2.44256671269735        7.32770013809204      -0.108700911848013     
   2.74788755178452       0.000000000000000E+000 -0.344655100035417     
   2.74788755178452       0.305320839087168      -0.373033611146262     
   2.74788755178452       0.610641678174337      -0.395559933808758     
   2.74788755178452       0.915962517261505      -0.410907687883270     
   2.74788755178452        1.22128335634867      -0.420064770062645     
   2.74788755178452        1.52660419543584      -0.423665154655813     
   2.74788755178452        1.83192503452301      -0.418358059235707     
   2.74788755178452        2.13724587361018      -0.403403621500449     
   2.74788755178452        2.44256671269735      -0.381310343512846     
   2.74788755178452        2.74788755178452      -0.356025890988997     
   2.74788755178452        3.05320839087168      -0.330724144139342     
   2.74788755178452        3.35852922995885      -0.306700658972644     
   2.74788755178452        3.66385006904602      -0.283801414859211     
   2.74788755178452        3.96917090813319      -0.261616515146957     
   2.74788755178452        4.27449174722036      -0.240306479891172     
   2.74788755178452        4.57981258630753      -0.220560205529863     
   2.74788755178452        4.88513342539469      -0.202961936593961     
   2.74788755178452        5.19045426448186      -0.187480360970246     
   2.74788755178452        5.49577510356903      -0.173537697952869     
   2.74788755178452        5.80109594265620      -0.160512147093702     
   2.74788755178452        6.10641678174337      -0.148203791008715     
   2.74788755178452        6.41173762083054      -0.136893652797970     
   2.74788755178452        6.71705845991770      -0.126948266454446     
   2.74788755178452        7.02237929900487      -0.118488442201676     
   2.74788755178452        7.32770013809204      -0.111029333050308     
   3.05320839087168       0.000000000000000E+000 -0.391345372264455     
   3.05320839087168       0.305320839087168      -0.424171183553873     
   3.05320839087168       0.610641678174337      -0.447989030080906     
   3.05320839087168       0.915962517261505      -0.461635994428374     
   3.05320839087168        1.22128335634867      -0.462628178308482     
   3.05320839087168        1.52660419543584      -0.460033369339417     
   3.05320839087168        1.83192503452301      -0.450550151176515     
   3.05320839087168        2.13724587361018      -0.431139706324455     
   3.05320839087168        2.44256671269735      -0.403992255601407     
   3.05320839087168        2.74788755178452      -0.373683364049222     
   3.05320839087168        3.05320839087168      -0.344165925472876     
   3.05320839087168        3.35852922995885      -0.317142039189239     
   3.05320839087168        3.66385006904602      -0.292302266100605     
   3.05320839087168        3.96917090813319      -0.268795552431508     
   3.05320839087168        4.27449174722036      -0.246468872401290     
   3.05320839087168        4.57981258630753      -0.225880247398795     
   3.05320839087168        4.88513342539469      -0.207564375533927     
   3.05320839087168        5.19045426448186      -0.191472206976002     
   3.05320839087168        5.49577510356903      -0.176999670438806     
   3.05320839087168        5.80109594265620      -0.163478563424888     
   3.05320839087168        6.10641678174337      -0.150679865247313     
   3.05320839087168        6.41173762083054      -0.138864596039506     
   3.05320839087168        6.71705845991770      -0.128486095432897     
   3.05320839087168        7.02237929900487      -0.120131985947921     
   3.05320839087168        7.32770013809204      -0.113141279413013     
   3.35852922995885       0.000000000000000E+000 -0.425149365336221     
   3.35852922995885       0.305320839087168      -0.464001486701071     
   3.35852922995885       0.610641678174337      -0.490578130581900     
   3.35852922995885       0.915962517261505      -0.501837432552556     
   3.35852922995885        1.22128335634867      -0.496862017920895     
   3.35852922995885        1.52660419543584      -0.486200598453636     
   3.35852922995885        1.83192503452301      -0.472848095433647     
   3.35852922995885        2.13724587361018      -0.450104303721203     
   3.35852922995885        2.44256671269735      -0.419388386755128     
   3.35852922995885        2.74788755178452      -0.385571401699301     
   3.35852922995885        3.05320839087168      -0.353135058768062     
   3.35852922995885        3.35852922995885      -0.324078835221983     
   3.35852922995885        3.66385006904602      -0.297936961656301     
   3.35852922995885        3.96917090813319      -0.273485288408157     
   3.35852922995885        4.27449174722036      -0.250416191116811     
   3.35852922995885        4.57981258630753      -0.229248322843519     
   3.35852922995885        4.88513342539469      -0.210465622636407     
   3.35852922995885        5.19045426448186      -0.193984530442291     
   3.35852922995885        5.49577510356903      -0.179174543961787     
   3.35852922995885        5.80109594265620      -0.165332829137507     
   3.35852922995885        6.10641678174337      -0.152184959935057     
   3.35852922995885        6.41173762083054      -0.139874468395457     
   3.35852922995885        6.71705845991770      -0.128978917248528     
   3.35852922995885        7.02237929900487      -0.120694302225914     
   3.35852922995885        7.32770013809204      -0.114173645170138     
   3.66385006904602       0.000000000000000E+000 -0.432470462291680     
   3.66385006904602       0.305320839087168      -0.477266650050169     
   3.66385006904602       0.610641678174337      -0.507095704544662     
   3.66385006904602       0.915962517261505      -0.517397460532976     
   3.66385006904602        1.22128335634867      -0.510208423502370     
   3.66385006904602        1.52660419543584      -0.495877558597400     
   3.66385006904602        1.83192503452301      -0.480867896025529     
   3.66385006904602        2.13724587361018      -0.456866606322284     
   3.66385006904602        2.44256671269735      -0.424856110621621     
   3.66385006904602        2.74788755178452      -0.389781180853192     
   3.66385006904602        3.05320839087168      -0.356311297573114     
   3.66385006904602        3.35852922995885      -0.326556113691554     
   3.66385006904602        3.66385006904602      -0.299969560325054     
   3.66385006904602        3.96917090813319      -0.275157402435998     
   3.66385006904602        4.27449174722036      -0.251794195371307     
   3.66385006904602        4.57981258630753      -0.230408795161332     
   3.66385006904602        4.88513342539469      -0.211460177461512     
   3.66385006904602        5.19045426448186      -0.194844984777111     
   3.66385006904602        5.49577510356903      -0.179919023178287     
   3.66385006904602        5.80109594265620      -0.165964864661235     
   3.66385006904602        6.10641678174337      -0.152680087933038     
   3.66385006904602        6.41173762083054      -0.140146207458694     
   3.66385006904602        6.71705845991770      -0.128959442547166     
   3.66385006904602        7.02237929900487      -0.120718965245543     
   3.66385006904602        7.32770013809204      -0.114571455821225     
   3.96917090813319       0.000000000000000E+000 -0.425146470538298     
   3.96917090813319       0.305320839087168      -0.464102669442259     
   3.96917090813319       0.610641678174337      -0.490676479978376     
   3.96917090813319       0.915962517261505      -0.501903061277623     
   3.96917090813319        1.22128335634867      -0.496899982584984     
   3.96917090813319        1.52660419543584      -0.486222531055290     
   3.96917090813319        1.83192503452301      -0.472861629979838     
   3.96917090813319        2.13724587361018      -0.450112492484045     
   3.96917090813319        2.44256671269735      -0.419393252333894     
   3.96917090813319        2.74788755178452      -0.385574530338406     
   3.96917090813319        3.05320839087168      -0.353137617607303     
   3.96917090813319        3.35852922995885      -0.324081476860495     
   3.96917090813319        3.66385006904602      -0.297939897896714     
   3.96917090813319        3.96917090813319      -0.273488567063502     
   3.96917090813319        4.27449174722036      -0.250419782354518     
   3.96917090813319        4.57981258630753      -0.229252261956248     
   3.96917090813319        4.88513342539469      -0.210469987304372     
   3.96917090813319        5.19045426448186      -0.193989423613081     
   3.96917090813319        5.49577510356903      -0.179180061026965     
   3.96917090813319        5.80109594265620      -0.165339241152008     
   3.96917090813319        6.10641678174337      -0.152193282461553     
   3.96917090813319        6.41173762083054      -0.139886533621981     
   3.96917090813319        6.71705845991770      -0.128995581085616     
   3.96917090813319        7.02237929900487      -0.120710932093680     
   3.96917090813319        7.32770013809204      -0.114173369198711     
   4.27449174722036       0.000000000000000E+000 -0.391338849665163     
   4.27449174722036       0.305320839087168      -0.424265356524861     
   4.27449174722036       0.610641678174337      -0.448103523158223     
   4.27449174722036       0.915962517261505      -0.461724185588527     
   4.27449174722036        1.22128335634867      -0.462684052249062     
   4.27449174722036        1.52660419543584      -0.460069404858002     
   4.27449174722036        1.83192503452301      -0.450573602979821     
   4.27449174722036        2.13724587361018      -0.431154445377554     
   4.27449174722036        2.44256671269735      -0.404001432620494     
   4.27449174722036        2.74788755178452      -0.373689631425758     
   4.27449174722036        3.05320839087168      -0.344171256327609     
   4.27449174722036        3.35852922995885      -0.317147525013750     
   4.27449174722036        3.66385006904602      -0.292308320438899     
   4.27449174722036        3.96917090813319      -0.268802204030803     
   4.27449174722036        4.27449174722036      -0.246476061095243     
   4.27449174722036        4.57981258630753      -0.225888005849731     
   4.27449174722036        4.88513342539469      -0.207572817778286     
   4.27449174722036        5.19045426448186      -0.191481423750740     
   4.27449174722036        5.49577510356903      -0.177009774172417     
   4.27449174722036        5.80109594265620      -0.163489785610982     
   4.27449174722036        6.10641678174337      -0.150693102026606     
   4.27449174722036        6.41173762083054      -0.138881811488442     
   4.27449174722036        6.71705845991770      -0.128506504178535     
   4.27449174722036        7.02237929900487      -0.120148268962605     
   4.27449174722036        7.32770013809204      -0.113140736907991     
   4.57981258630753       0.000000000000000E+000 -0.344644598233498     
   4.57981258630753       0.305320839087168      -0.373090938407417     
   4.57981258630753       0.610641678174337      -0.395643746543360     
   4.57981258630753       0.915962517261505      -0.410981569708678     
   4.57981258630753        1.22128335634867      -0.420120335046154     
   4.57981258630753        1.52660419543584      -0.423705707647568     
   4.57981258630753        1.83192503452301      -0.418386466763942     
   4.57981258630753        2.13724587361018      -0.403422718763635     
   4.57981258630753        2.44256671269735      -0.381323241641341     
   4.57981258630753        2.74788755178452      -0.356035567169128     
   4.57981258630753        3.05320839087168      -0.330732811930596     
   4.57981258630753        3.35852922995885      -0.306709559241629     
   4.57981258630753        3.66385006904602      -0.283810967285337     
   4.57981258630753        3.96917090813319      -0.261626734307296     
   4.57981258630753        4.27449174722036      -0.240317255943103     
   4.57981258630753        4.57981258630753      -0.220571539810026     
   4.57981258630753        4.88513342539469      -0.202973886603573     
   4.57981258630753        5.19045426448186      -0.187492959578892     
   4.57981258630753        5.49577510356903      -0.173550939378474     
   4.57981258630753        5.80109594265620      -0.160526006713803     
   4.57981258630753        6.10641678174337      -0.148218478743069     
   4.57981258630753        6.41173762083054      -0.136909775845672     
   4.57981258630753        6.71705845991770      -0.126964829012892     
   4.57981258630753        7.02237929900487      -0.118499875551860     
   4.57981258630753        7.32770013809204      -0.111029250309398     
   4.88513342539469       0.000000000000000E+000 -0.301095946987153     
   4.88513342539469       0.305320839087168      -0.325380784915666     
   4.88513342539469       0.610641678174337      -0.346147968246746     
   4.88513342539469       0.915962517261505      -0.363623947657348     
   4.88513342539469        1.22128335634867      -0.376786188608512     
   4.88513342539469        1.52660419543584      -0.383395504524781     
   4.88513342539469        1.83192503452301      -0.381509351352575     
   4.88513342539469        2.13724587361018      -0.371193632786828     
   4.88513342539469        2.44256671269735      -0.354654769227471     
   4.88513342539469        2.74788755178452      -0.334914211436549     
   4.88513342539469        3.05320839087168      -0.314258186844255     
   4.88513342539469        3.35852922995885      -0.293587826617142     
   4.88513342539469        3.66385006904602      -0.272920551052345     
   4.88513342539469        3.96917090813319      -0.252292555906768     
   4.88513342539469        4.27449174722036      -0.232228212031538     
   4.88513342539469        4.57981258630753      -0.213570741828215     
   4.88513342539469        4.88513342539469      -0.196921926620444     
   4.88513342539469        5.19045426448186      -0.182243575246300     
   4.88513342539469        5.49577510356903      -0.168993491585617     
   4.88513342539469        5.80109594265620      -0.156616619143383     
   4.88513342539469        6.10641678174337      -0.144942184979348     
   4.88513342539469        6.41173762083054      -0.134187779361958     
   4.88513342539469        6.71705845991770      -0.124632149583964     
   4.88513342539469        7.02237929900487      -0.116265017567858     
   4.88513342539469        7.32770013809204      -0.108701480858251     
   5.19045426448186       0.000000000000000E+000 -0.266377452629068     
   5.19045426448186       0.305320839087168      -0.287217965425127     
   5.19045426448186       0.610641678174337      -0.306342849618419     
   5.19045426448186       0.915962517261505      -0.323216587244846     
   5.19045426448186        1.22128335634867      -0.336354827240207     
   5.19045426448186        1.52660419543584      -0.343851659833272     
   5.19045426448186        1.83192503452301      -0.344421612813489     
   5.19045426448186        2.13724587361018      -0.338240721114136     
   5.19045426448186        2.44256671269735      -0.326853517135477     
   5.19045426448186        2.74788755178452      -0.312248351740993     
   5.19045426448186        3.05320839087168      -0.295880450897465     
   5.19045426448186        3.35852922995885      -0.278367207299646     
   5.19045426448186        3.66385006904602      -0.259933674101234     
   5.19045426448186        3.96917090813319      -0.241012498273531     
   5.19045426448186        4.27449174722036      -0.222430763591025     
   5.19045426448186        4.57981258630753      -0.205122587125032     
   5.19045426448186        4.88513342539469      -0.189648525463464     
   5.19045426448186        5.19045426448186      -0.175946402652383     
   5.19045426448186        5.49577510356903      -0.163533349129533     
   5.19045426448186        5.80109594265620      -0.151951155885871     
   5.19045426448186        6.10641678174337      -0.141068980473785     
   5.19045426448186        6.41173762083054      -0.131038545450429     
   5.19045426448186        6.71705845991770      -0.122018625321529     
   5.19045426448186        7.02237929900487      -0.113952692128113     
   5.19045426448186        7.32770013809204      -0.106578916553277     
   5.49577510356903       0.000000000000000E+000 -0.239557165261986     
   5.49577510356903       0.305320839087168      -0.257462374524872     
   5.49577510356903       0.610641678174337      -0.274340584513629     
   5.49577510356903       0.915962517261505      -0.289238699485689     
   5.49577510356903        1.22128335634867      -0.300844291633676     
   5.49577510356903        1.52660419543584      -0.308030038870190     
   5.49577510356903        1.83192503452301      -0.310071423924334     
   5.49577510356903        2.13724587361018      -0.307033996590919     
   5.49577510356903        2.44256671269735      -0.299734213953455     
   5.49577510356903        2.74788755178452      -0.289232193220075     
   5.49577510356903        3.05320839087168      -0.276329394381440     
   5.49577510356903        3.35852922995885      -0.261489455314598     
   5.49577510356903        3.66385006904602      -0.245157022194460     
   5.49577510356903        3.96917090813319      -0.228067354669767     
   5.49577510356903        4.27449174722036      -0.211212953855082     
   5.49577510356903        4.57981258630753      -0.195503513830491     
   5.49577510356903        4.88513342539469      -0.181400585878023     
   5.49577510356903        5.19045426448186      -0.168819368490307     
   5.49577510356903        5.49577510356903      -0.157370874558112     
   5.49577510356903        5.80109594265620      -0.146726128000946     
   5.49577510356903        6.10641678174337      -0.136802897104373     
   5.49577510356903        6.41173762083054      -0.127668625204852     
   5.49577510356903        6.71705845991770      -0.119337100803052     
   5.49577510356903        7.02237929900487      -0.111721151462911     
   5.49577510356903        7.32770013809204      -0.104656153592387     
   5.80109594265620       0.000000000000000E+000 -0.219231225894146     
   5.80109594265620       0.305320839087168      -0.234704424363291     
   5.80109594265620       0.610641678174337      -0.249229724066036     
   5.80109594265620       0.915962517261505      -0.261760398004317     
   5.80109594265620        1.22128335634867      -0.271294170944105     
   5.80109594265620        1.52660419543584      -0.277274588802788     
   5.80109594265620        1.83192503452301      -0.279763579497757     
   5.80109594265620        2.13724587361018      -0.278642133422915     
   5.80109594265620        2.44256671269735      -0.274083984518833     
   5.80109594265620        2.74788755178452      -0.266442848176020     
   5.80109594265620        3.05320839087168      -0.256082715753391     
   5.80109594265620        3.35852922995885      -0.243411707961194     
   5.80109594265620        3.66385006904602      -0.229060665758970     
   5.80109594265620        3.96917090813319      -0.213940366965493     
   5.80109594265620        4.27449174722036      -0.199041135204013     
   5.80109594265620        4.57981258630753      -0.185122002919720     
   5.80109594265620        4.88513342539469      -0.172510445207008     
   5.80109594265620        5.19045426448186      -0.161129607232329     
   5.80109594265620        5.49577510356903      -0.150730744688995     
   5.80109594265620        5.80109594265620      -0.141148368749606     
   5.80109594265620        6.10641678174337      -0.132360755499156     
   5.80109594265620        6.41173762083054      -0.124280287589236     
   5.80109594265620        6.71705845991770      -0.116819926208453     
   5.80109594265620        7.02237929900487      -0.109843540809880     
   5.80109594265620        7.32770013809204      -0.103181081027271     
   6.10641678174337       0.000000000000000E+000 -0.204020832728105     
   6.10641678174337       0.305320839087168      -0.217363796080987     
   6.10641678174337       0.610641678174337      -0.229612094915446     
   6.10641678174337       0.915962517261505      -0.239707163355598     
   6.10641678174337        1.22128335634867      -0.247072588663996     
   6.10641678174337        1.52660419543584      -0.251569211554806     
   6.10641678174337        1.83192503452301      -0.253503661829011     
   6.10641678174337        2.13724587361018      -0.253135523764570     
   6.10641678174337        2.44256671269735      -0.250087571920795     
   6.10641678174337        2.74788755178452      -0.244238301627142     
   6.10641678174337        3.05320839087168      -0.235686521250199     
   6.10641678174337        3.35852922995885      -0.224803326353820     
   6.10641678174337        3.66385006904602      -0.212351303279802     
   6.10641678174337        3.96917090813319      -0.199356023305633     
   6.10641678174337        4.27449174722036      -0.186601183409028     
   6.10641678174337        4.57981258630753      -0.174556502981070     
   6.10641678174337        4.88513342539469      -0.163420108854551     
   6.10641678174337        5.19045426448186      -0.153201118259646     
   6.10641678174337        5.49577510356903      -0.143848843271538     
   6.10641678174337        5.80109594265620      -0.135396572251466     
   6.10641678174337        6.10641678174337      -0.127795891997909     
   6.10641678174337        6.41173762083054      -0.120878522428378     
   6.10641678174337        6.71705845991770      -0.114475259272675     
   6.10641678174337        7.02237929900487      -0.108351330614660     
   6.10641678174337        7.32770013809204      -0.102221656187554     
   6.41173762083054       0.000000000000000E+000 -0.192412072328848     
   6.41173762083054       0.305320839087168      -0.203331990980493     
   6.41173762083054       0.610641678174337      -0.213208204844109     
   6.41173762083054       0.915962517261505      -0.221001496052212     
   6.41173762083054        1.22128335634867      -0.226318977548776     
   6.41173762083054        1.52660419543584      -0.229389661986371     
   6.41173762083054        1.83192503452301      -0.230533113009119     
   6.41173762083054        2.13724587361018      -0.230149333426353     
   6.41173762083054        2.44256671269735      -0.227804582303851     
   6.41173762083054        2.74788755178452      -0.223112608178773     
   6.41173762083054        3.05320839087168      -0.215776229531807     
   6.41173762083054        3.35852922995885      -0.206063047297254     
   6.41173762083054        3.66385006904602      -0.195374724606766     
   6.41173762083054        3.96917090813319      -0.184930818117939     
   6.41173762083054        4.27449174722036      -0.174709078596957     
   6.41173762083054        4.57981258630753      -0.164500278695643     
   6.41173762083054        4.88513342539469      -0.154615615482989     
   6.41173762083054        5.19045426448186      -0.145351122031313     
   6.41173762083054        5.49577510356903      -0.136904173341035     
   6.41173762083054        5.80109594265620      -0.129470393253744     
   6.41173762083054        6.10641678174337      -0.123006693763279     
   6.41173762083054        6.41173762083054      -0.117271708237470     
   6.41173762083054        6.71705845991770      -0.112003427125132     
   6.41173762083054        7.02237929900487      -0.106983457251318     
   6.41173762083054        7.32770013809204      -0.101699952230876     
   6.71705845991770       0.000000000000000E+000 -0.182648872181249     
   6.71705845991770       0.305320839087168      -0.189767718793817     
   6.71705845991770       0.610641678174337      -0.197282783056453     
   6.71705845991770       0.915962517261505      -0.203618148829001     
   6.71705845991770        1.22128335634867      -0.207425438074374     
   6.71705845991770        1.52660419543584      -0.209331451925139     
   6.71705845991770        1.83192503452301      -0.209879764339206     
   6.71705845991770        2.13724587361018      -0.209317512755587     
   6.71705845991770        2.44256671269735      -0.207398038931291     
   6.71705845991770        2.74788755178452      -0.203561994148171     
   6.71705845991770        3.05320839087168      -0.197120084344944     
   6.71705845991770        3.35852922995885      -0.188565800993936     
   6.71705845991770        3.66385006904602      -0.179896540037316     
   6.71705845991770        3.96917090813319      -0.172479857550536     
   6.71705845991770        4.27449174722036      -0.164757660534816     
   6.71705845991770        4.57981258630753      -0.155755055551968     
   6.71705845991770        4.88513342539469      -0.146483753233092     
   6.71705845991770        5.19045426448186      -0.137783711608386     
   6.71705845991770        5.49577510356903      -0.129971164554867     
   6.71705845991770        5.80109594265620      -0.123383434973977     
   6.71705845991770        6.10641678174337      -0.117952481860071     
   6.71705845991770        6.41173762083054      -0.113274838672425     
   6.71705845991770        6.71705845991770      -0.108882538478923     
   6.71705845991770        7.02237929900487      -0.105014487187258     
   6.71705845991770        7.32770013809204      -0.101271461533228     
   7.02237929900487       0.000000000000000E+000 -0.173968975970209     
   7.02237929900487       0.305320839087168      -0.176956433057011     
   7.02237929900487       0.610641678174337      -0.182104637641064     
   7.02237929900487       0.915962517261505      -0.187295736687499     
   7.02237929900487        1.22128335634867      -0.189826162737231     
   7.02237929900487        1.52660419543584      -0.190829182370866     
   7.02237929900487        1.83192503452301      -0.190994554817941     
   7.02237929900487        2.13724587361018      -0.190451943751026     
   7.02237929900487        2.44256671269735      -0.189023826759639     
   7.02237929900487        2.74788755178452      -0.186183358744122     
   7.02237929900487        3.05320839087168      -0.181592633049679     
   7.02237929900487        3.35852922995885      -0.175779751921183     
   7.02237929900487        3.66385006904602      -0.169978896345674     
   7.02237929900487        3.96917090813319      -0.164695898841749     
   7.02237929900487        4.27449174722036      -0.157938747162094     
   7.02237929900487        4.57981258630753      -0.148683781939778     
   7.02237929900487        4.88513342539469      -0.139072293662646     
   7.02237929900487        5.19045426448186      -0.130502193190700     
   7.02237929900487        5.49577510356903      -0.123113711046932     
   7.02237929900487        5.80109594265620      -0.117256465266763     
   7.02237929900487        6.10641678174337      -0.112767239877227     
   7.02237929900487        6.41173762083054      -0.109129123306308     
   7.02237929900487        6.71705845991770      -0.105472217415897     
   7.02237929900487        7.02237929900487      -0.102179043331593     
   7.02237929900487        7.32770013809204      -0.100108419165582     
   7.32770013809204       0.000000000000000E+000 -0.166423400202066     
   7.32770013809204       0.305320839087168      -0.171237738404977     
   7.32770013809204       0.610641678174337      -0.172604285275134     
   7.32770013809204       0.915962517261505      -0.173348162658792     
   7.32770013809204        1.22128335634867      -0.173743726653454     
   7.32770013809204        1.52660419543584      -0.173926753440501     
   7.32770013809204        1.83192503452301      -0.173870165236737     
   7.32770013809204        2.13724587361018      -0.173481834399889     
   7.32770013809204        2.44256671269735      -0.172580210088115     
   7.32770013809204        2.74788755178452      -0.171051952734782     
   7.32770013809204        3.05320839087168      -0.169035809911679     
   7.32770013809204        3.35852922995885      -0.166794966169385     
   7.32770013809204        3.66385006904602      -0.163045365773429     
   7.32770013809204        3.96917090813319      -0.158374343512799     
   7.32770013809204        4.27449174722036      -0.151699454114164     
   7.32770013809204        4.57981258630753      -0.141708973712271     
   7.32770013809204        4.88513342539469      -0.131736578951153     
   7.32770013809204        5.19045426448186      -0.123311554355908     
   7.32770013809204        5.49577510356903      -0.116410638085711     
   7.32770013809204        5.80109594265620      -0.111238603469570     
   7.32770013809204        6.10641678174337      -0.107622330201448     
   7.32770013809204        6.41173762083054      -0.105139950804300     
   7.32770013809204        6.71705845991770      -0.103047929159050     
   7.32770013809204        7.02237929900487      -0.100402031242661     
   7.32770013809204        7.32770013809204      -9.665683983488432E-002
