  0.000000000000000E+000  0.000000000000000E+000 -0.462427485512058     
  0.000000000000000E+000  0.305320839087168      -0.460076951970218     
  0.000000000000000E+000  0.610641678174337      -0.419800170067162     
  0.000000000000000E+000  0.915962517261505      -0.361043257778137     
  0.000000000000000E+000   1.22128335634867      -0.314880063632505     
  0.000000000000000E+000   1.52660419543584      -0.280617737546017     
  0.000000000000000E+000   1.83192503452301      -0.253246024098761     
  0.000000000000000E+000   2.13724587361018      -0.229611703322160     
  0.000000000000000E+000   2.44256671269735      -0.208316977028000     
  0.000000000000000E+000   2.74788755178452      -0.188779223631143     
  0.000000000000000E+000   3.05320839087168      -0.172974092174023     
  0.000000000000000E+000   3.35852922995885      -0.165083266277012     
  0.000000000000000E+000   3.66385006904602      -0.160383109455029     
  0.000000000000000E+000   3.96917090813319      -0.147829841253522     
  0.000000000000000E+000   4.27449174722036      -0.135500167386889     
  0.000000000000000E+000   4.57981258630753      -0.122198730652988     
  0.000000000000000E+000   4.88513342539469      -0.110590546013576     
  0.000000000000000E+000   5.19045426448186      -0.101429216587941     
  0.000000000000000E+000   5.49577510356903      -9.408424579008035E-002
  0.000000000000000E+000   5.80109594265620      -8.917692521892560E-002
  0.000000000000000E+000   6.10641678174337      -8.642665983781579E-002
  0.000000000000000E+000   6.41173762083054      -8.504258516292496E-002
  0.000000000000000E+000   6.71705845991770      -8.379346046028802E-002
  0.000000000000000E+000   7.02237929900487      -8.165887222447057E-002
  0.000000000000000E+000   7.32770013809204      -7.859450496614857E-002
  0.305320839087168       0.000000000000000E+000 -0.478212692786596     
  0.305320839087168       0.305320839087168      -0.455026859044375     
  0.305320839087168       0.610641678174337      -0.426264637533077     
  0.305320839087168       0.915962517261505      -0.382312827472326     
  0.305320839087168        1.22128335634867      -0.339621348472744     
  0.305320839087168        1.52660419543584      -0.303587181686805     
  0.305320839087168        1.83192503452301      -0.273000240159960     
  0.305320839087168        2.13724587361018      -0.246224761842240     
  0.305320839087168        2.44256671269735      -0.222594651125517     
  0.305320839087168        2.74788755178452      -0.201247677673094     
  0.305320839087168        3.05320839087168      -0.183727143359515     
  0.305320839087168        3.35852922995885      -0.173023824148441     
  0.305320839087168        3.66385006904602      -0.165662697505990     
  0.305320839087168        3.96917090813319      -0.152948102871625     
  0.305320839087168        4.27449174722036      -0.138838143084201     
  0.305320839087168        4.57981258630753      -0.125140370445752     
  0.305320839087168        4.88513342539469      -0.113403230869144     
  0.305320839087168        5.19045426448186      -0.103981659112625     
  0.305320839087168        5.49577510356903      -9.635187191654150E-002
  0.305320839087168        5.80109594265620      -9.104761890567828E-002
  0.305320839087168        6.10641678174337      -8.775559475585254E-002
  0.305320839087168        6.41173762083054      -8.565251917503022E-002
  0.305320839087168        6.71705845991770      -8.349481207291848E-002
  0.305320839087168        7.02237929900487      -8.137689644778347E-002
  0.305320839087168        7.32770013809204      -8.060250926359136E-002
  0.610641678174337       0.000000000000000E+000 -0.485503620251353     
  0.610641678174337       0.305320839087168      -0.469910575507944     
  0.610641678174337       0.610641678174337      -0.440071228569803     
  0.610641678174337       0.915962517261505      -0.402106381771167     
  0.610641678174337        1.22128335634867      -0.361657459105398     
  0.610641678174337        1.52660419543584      -0.324009777812700     
  0.610641678174337        1.83192503452301      -0.290448832079475     
  0.610641678174337        2.13724587361018      -0.261223937705122     
  0.610641678174337        2.44256671269735      -0.235985435656426     
  0.610641678174337        2.74788755178452      -0.213725662636025     
  0.610641678174337        3.05320839087168      -0.195133630435862     
  0.610641678174337        3.35852922995885      -0.181136866073136     
  0.610641678174337        3.66385006904602      -0.169475001484915     
  0.610641678174337        3.96917090813319      -0.156028550533291     
  0.610641678174337        4.27449174722036      -0.141334623249898     
  0.610641678174337        4.57981258630753      -0.127573411511562     
  0.610641678174337        4.88513342539469      -0.115958459105520     
  0.610641678174337        5.19045426448186      -0.106457034460549     
  0.610641678174337        5.49577510356903      -9.875154334153786E-002
  0.610641678174337        5.80109594265620      -9.303613686867608E-002
  0.610641678174337        6.10641678174337      -8.911232150926220E-002
  0.610641678174337        6.41173762083054      -8.625995229982950E-002
  0.610641678174337        6.71705845991770      -8.372138497800259E-002
  0.610641678174337        7.02237929900487      -8.159530203221686E-002
  0.610641678174337        7.32770013809204      -7.965548878085570E-002
  0.915962517261505       0.000000000000000E+000 -0.515604552274816     
  0.915962517261505       0.305320839087168      -0.501393428827064     
  0.915962517261505       0.610641678174337      -0.467466792057258     
  0.915962517261505       0.915962517261505      -0.425455676251546     
  0.915962517261505        1.22128335634867      -0.382108032716671     
  0.915962517261505        1.52660419543584      -0.341235256096386     
  0.915962517261505        1.83192503452301      -0.304607413994251     
  0.915962517261505        2.13724587361018      -0.273525216452067     
  0.915962517261505        2.44256671269735      -0.246801127237438     
  0.915962517261505        2.74788755178452      -0.223529901512158     
  0.915962517261505        3.05320839087168      -0.203659715240197     
  0.915962517261505        3.35852922995885      -0.186969166029380     
  0.915962517261505        3.66385006904602      -0.172104265332538     
  0.915962517261505        3.96917090813319      -0.157388455272148     
  0.915962517261505        4.27449174722036      -0.142819546101036     
  0.915962517261505        4.57981258630753      -0.129526288410388     
  0.915962517261505        4.88513342539469      -0.118185204299981     
  0.915962517261505        5.19045426448186      -0.108770142368969     
  0.915962517261505        5.49577510356903      -0.101102295285684     
  0.915962517261505        5.80109594265620      -9.503081737288817E-002
  0.915962517261505        6.10641678174337      -9.045052745472457E-002
  0.915962517261505        6.41173762083054      -8.683857897705245E-002
  0.915962517261505        6.71705845991770      -8.371402562062691E-002
  0.915962517261505        7.02237929900487      -8.079625546126699E-002
  0.915962517261505        7.32770013809204      -7.760070567415021E-002
   1.22128335634867       0.000000000000000E+000 -0.535547150463266     
   1.22128335634867       0.305320839087168      -0.522635850347918     
   1.22128335634867       0.610641678174337      -0.488670282503362     
   1.22128335634867       0.915962517261505      -0.444477158014298     
   1.22128335634867        1.22128335634867      -0.397990832805106     
   1.22128335634867        1.52660419543584      -0.353878683255334     
   1.22128335634867        1.83192503452301      -0.315122188918012     
   1.22128335634867        2.13724587361018      -0.282430491141232     
   1.22128335634867        2.44256671269735      -0.254192352262690     
   1.22128335634867        2.74788755178452      -0.229665362131003     
   1.22128335634867        3.05320839087168      -0.208472695704233     
   1.22128335634867        3.35852922995885      -0.190110938733175     
   1.22128335634867        3.66385006904602      -0.173612040403574     
   1.22128335634867        3.96917090813319      -0.158213231117252     
   1.22128335634867        4.27449174722036      -0.143919313331614     
   1.22128335634867        4.57981258630753      -0.131153436511881     
   1.22128335634867        4.88513342539469      -0.120137215332099     
   1.22128335634867        5.19045426448186      -0.110878693380655     
   1.22128335634867        5.49577510356903      -0.103220683444246     
   1.22128335634867        5.80109594265620      -9.688638069939309E-002
   1.22128335634867        6.10641678174337      -9.167630742304096E-002
   1.22128335634867        6.41173762083054      -8.726719952536230E-002
   1.22128335634867        6.71705845991770      -8.332664235551507E-002
   1.22128335634867        7.02237929900487      -7.958850005038344E-002
   1.22128335634867        7.32770013809204      -7.580545283099201E-002
   1.52660419543584       0.000000000000000E+000 -0.540951555165801     
   1.52660419543584       0.305320839087168      -0.529172150412319     
   1.52660419543584       0.610641678174337      -0.497495265144887     
   1.52660419543584       0.915962517261505      -0.453773180713539     
   1.52660419543584        1.22128335634867      -0.406220685723588     
   1.52660419543584        1.52660419543584      -0.360982685384457     
   1.52660419543584        1.83192503452301      -0.321618269681046     
   1.52660419543584        2.13724587361018      -0.287398949918220     
   1.52660419543584        2.44256671269735      -0.257797472889168     
   1.52660419543584        2.74788755178452      -0.232315036677036     
   1.52660419543584        3.05320839087168      -0.210356059533430     
   1.52660419543584        3.35852922995885      -0.191213224234576     
   1.52660419543584        3.66385006904602      -0.174170588914824     
   1.52660419543584        3.96917090813319      -0.158742691458117     
   1.52660419543584        4.27449174722036      -0.144815834899187     
   1.52660419543584        4.57981258630753      -0.132485016235537     
   1.52660419543584        4.88513342539469      -0.121815032090828     
   1.52660419543584        5.19045426448186      -0.112737218159556     
   1.52660419543584        5.49577510356903      -0.105055314390981     
   1.52660419543584        5.80109594265620      -9.849712332650840E-002
   1.52660419543584        6.10641678174337      -9.277335592364953E-002
   1.52660419543584        6.41173762083054      -8.767674931214166E-002
   1.52660419543584        6.71705845991770      -8.303665936106318E-002
   1.52660419543584        7.02237929900487      -7.872628481861284E-002
   1.52660419543584        7.32770013809204      -7.465902246874682E-002
   1.83192503452301       0.000000000000000E+000 -0.534361017123437     
   1.83192503452301       0.305320839087168      -0.523653354243893     
   1.83192503452301       0.610641678174337      -0.493667927985993     
   1.83192503452301       0.915962517261505      -0.451841636221601     
   1.83192503452301        1.22128335634867      -0.406778122648490     
   1.83192503452301        1.52660419543584      -0.363236601602940     
   1.83192503452301        1.83192503452301      -0.323267952814568     
   1.83192503452301        2.13724587361018      -0.287901269874976     
   1.83192503452301        2.44256671269735      -0.257463198654240     
   1.83192503452301        2.74788755178452      -0.231651127530768     
   1.83192503452301        3.05320839087168      -0.209703655922406     
   1.83192503452301        3.35852922995885      -0.190700319068368     
   1.83192503452301        3.66385006904602      -0.173868535019716     
   1.83192503452301        3.96917090813319      -0.158767714536441     
   1.83192503452301        4.27449174722036      -0.145273544846682     
   1.83192503452301        4.57981258630753      -0.133400560169150     
   1.83192503452301        4.88513342539469      -0.123114062085932     
   1.83192503452301        5.19045426448186      -0.114253281662069     
   1.83192503452301        5.49577510356903      -0.106567298793115     
   1.83192503452301        5.80109594265620      -9.979320328814130E-002
   1.83192503452301        6.10641678174337      -9.371231456452833E-002
   1.83192503452301        6.41173762083054      -8.816437390068473E-002
   1.83192503452301        6.71705845991770      -8.305896994578124E-002
   1.83192503452301        7.02237929900487      -7.839425985616270E-002
   1.83192503452301        7.32770013809204      -7.417110544552753E-002
   2.13724587361018       0.000000000000000E+000 -0.521429484436600     
   2.13724587361018       0.305320839087168      -0.511110991489758     
   2.13724587361018       0.610641678174337      -0.483380006787728     
   2.13724587361018       0.915962517261505      -0.445001524747937     
   2.13724587361018        1.22128335634867      -0.402201683469013     
   2.13724587361018        1.52660419543584      -0.359319458813576     
   2.13724587361018        1.83192503452301      -0.319207472070120     
   2.13724587361018        2.13724587361018      -0.283625744043201     
   2.13724587361018        2.44256671269735      -0.253301860533923     
   2.13724587361018        2.74788755178452      -0.227991006564592     
   2.13724587361018        3.05320839087168      -0.206774038639657     
   2.13724587361018        3.35852922995885      -0.188538159334488     
   2.13724587361018        3.66385006904602      -0.172410323961858     
   2.13724587361018        3.96917090813319      -0.157947600618675     
   2.13724587361018        4.27449174722036      -0.145050298903253     
   2.13724587361018        4.57981258630753      -0.133725641838269     
   2.13724587361018        4.88513342539469      -0.123886652977196     
   2.13724587361018        5.19045426448186      -0.115300838387361     
   2.13724587361018        5.49577510356903      -0.107672645040556     
   2.13724587361018        5.80109594265620      -0.100756440747008     
   2.13724587361018        6.10641678174337      -9.441194500361244E-002
   2.13724587361018        6.41173762083054      -8.858723101151889E-002
   2.13724587361018        6.71705845991770      -8.327305361756511E-002
   2.13724587361018        7.02237929900487      -7.847278134288184E-002
   2.13724587361018        7.32770013809204      -7.418484039203567E-002
   2.44256671269735       0.000000000000000E+000 -0.520136382452674     
   2.44256671269735       0.305320839087168      -0.507691308936768     
   2.44256671269735       0.610641678174337      -0.475390162007877     
   2.44256671269735       0.915962517261505      -0.434300705916227     
   2.44256671269735        1.22128335634867      -0.390915572128463     
   2.44256671269735        1.52660419543584      -0.348514236409709     
   2.44256671269735        1.83192503452301      -0.309309417432283     
   2.44256671269735        2.13724587361018      -0.274857203970407     
   2.44256671269735        2.44256671269735      -0.245824650773464     
   2.44256671269735        2.74788755178452      -0.221884618797079     
   2.44256671269735        3.05320839087168      -0.201996421929032     
   2.44256671269735        3.35852922995885      -0.184943366277518     
   2.44256671269735        3.66385006904602      -0.169815658947696     
   2.44256671269735        3.96917090813319      -0.156197257381625     
   2.44256671269735        4.27449174722036      -0.144032477349120     
   2.44256671269735        4.57981258630753      -0.133343194883525     
   2.44256671269735        4.88513342539469      -0.124013824040831     
   2.44256671269735        5.19045426448186      -0.115763761447297     
   2.44256671269735        5.49577510356903      -0.108271817428638     
   2.44256671269735        5.80109594265620      -0.101316916341962     
   2.44256671269735        6.10641678174337      -9.482815148017559E-002
   2.44256671269735        6.41173762083054      -8.883590080787190E-002
   2.44256671269735        6.71705845991770      -8.339179170950678E-002
   2.44256671269735        7.02237929900487      -7.853104114475622E-002
   2.44256671269735        7.32770013809204      -7.426723444493680E-002
   2.74788755178452       0.000000000000000E+000 -0.518372365519155     
   2.74788755178452       0.305320839087168      -0.503967564612642     
   2.74788755178452       0.610641678174337      -0.466804886319383     
   2.74788755178452       0.915962517261505      -0.419329479849714     
   2.74788755178452        1.22128335634867      -0.373271730227540     
   2.74788755178452        1.52660419543584      -0.331711415234964     
   2.74788755178452        1.83192503452301      -0.294632822076654     
   2.74788755178452        2.13724587361018      -0.262615148348835     
   2.74788755178452        2.44256671269735      -0.235911182591534     
   2.74788755178452        2.74788755178452      -0.214024783456262     
   2.74788755178452        3.05320839087168      -0.195861069997114     
   2.74788755178452        3.35852922995885      -0.180215747900843     
   2.74788755178452        3.66385006904602      -0.166233957493652     
   2.74788755178452        3.96917090813319      -0.153569881234290     
   2.74788755178452        4.27449174722036      -0.142221016350703     
   2.74788755178452        4.57981258630753      -0.132223678418998     
   2.74788755178452        4.88513342539469      -0.123442460548039     
   2.74788755178452        5.19045426448186      -0.115570650842565     
   2.74788755178452        5.49577510356903      -0.108284468585918     
   2.74788755178452        5.80109594265620      -0.101395057748653     
   2.74788755178452        6.10641678174337      -9.488576006788745E-002
   2.74788755178452        6.41173762083054      -8.883446835563814E-002
   2.74788755178452        6.71705845991770      -8.333656344601947E-002
   2.74788755178452        7.02237929900487      -7.856894015191607E-002
   2.74788755178452        7.32770013809204      -7.452689622710755E-002
   3.05320839087168       0.000000000000000E+000 -0.505175402597734     
   3.05320839087168       0.305320839087168      -0.488564257700055     
   3.05320839087168       0.610641678174337      -0.447650960940420     
   3.05320839087168       0.915962517261505      -0.398325174964069     
   3.05320839087168        1.22128335634867      -0.351037655234018     
   3.05320839087168        1.52660419543584      -0.311052596059289     
   3.05320839087168        1.83192503452301      -0.277059293387521     
   3.05320839087168        2.13724587361018      -0.248325724713741     
   3.05320839087168        2.44256671269735      -0.224549595647112     
   3.05320839087168        2.74788755178452      -0.205058075091318     
   3.05320839087168        3.05320839087168      -0.188778251965960     
   3.05320839087168        3.35852922995885      -0.174614631091705     
   3.05320839087168        3.66385006904602      -0.161833048822705     
   3.05320839087168        3.96917090813319      -0.150177835044442     
   3.05320839087168        4.27449174722036      -0.139690419709139     
   3.05320839087168        4.57981258630753      -0.130409517404420     
   3.05320839087168        4.88513342539469      -0.122184530675711     
   3.05320839087168        5.19045426448186      -0.114705575302138     
   3.05320839087168        5.49577510356903      -0.107671304907653     
   3.05320839087168        5.80109594265620      -0.100932982557332     
   3.05320839087168        6.10641678174337      -9.451114757516697E-002
   3.05320839087168        6.41173762083054      -8.847894111883838E-002
   3.05320839087168        6.71705845991770      -8.301789762565814E-002
   3.05320839087168        7.02237929900487      -7.852841391169693E-002
   3.05320839087168        7.32770013809204      -7.494790825010417E-002
   3.35852922995885       0.000000000000000E+000 -0.475681445374697     
   3.35852922995885       0.305320839087168      -0.459380006445620     
   3.35852922995885       0.610641678174337      -0.418999249197738     
   3.35852922995885       0.915962517261505      -0.370849384149481     
   3.35852922995885        1.22128335634867      -0.325939296854792     
   3.35852922995885        1.52660419543584      -0.288717413678469     
   3.35852922995885        1.83192503452301      -0.258381747986087     
   3.35852922995885        2.13724587361018      -0.233227807072098     
   3.35852922995885        2.44256671269735      -0.212505232686553     
   3.35852922995885        2.74788755178452      -0.195431195632455     
   3.35852922995885        3.05320839087168      -0.181017426155144     
   3.35852922995885        3.35852922995885      -0.168326319994582     
   3.35852922995885        3.66385006904602      -0.156763237749974     
   3.35852922995885        3.96917090813319      -0.146150157060567     
   3.35852922995885        4.27449174722036      -0.136547176486352     
   3.35852922995885        4.57981258630753      -0.127981120564425     
   3.35852922995885        4.88513342539469      -0.120294927434106     
   3.35852922995885        5.19045426448186      -0.113200654398475     
   3.35852922995885        5.49577510356903      -0.106442865742805     
   3.35852922995885        5.80109594265620      -9.991930972837236E-002
   3.35852922995885        6.10641678174337      -9.367033979039646E-002
   3.35852922995885        6.41173762083054      -8.770773563111869E-002
   3.35852922995885        6.71705845991770      -8.233146818383774E-002
   3.35852922995885        7.02237929900487      -7.826067891884726E-002
   3.35852922995885        7.32770013809204      -7.524670023053409E-002
   3.66385006904602       0.000000000000000E+000 -0.429520682770884     
   3.66385006904602       0.305320839087168      -0.419072728274153     
   3.66385006904602       0.610641678174337      -0.383751499562664     
   3.66385006904602       0.915962517261505      -0.339651998391670     
   3.66385006904602        1.22128335634867      -0.299044418932234     
   3.66385006904602        1.52660419543584      -0.265919703304535     
   3.66385006904602        1.83192503452301      -0.239569476607405     
   3.66385006904602        2.13724587361018      -0.217965920864789     
   3.66385006904602        2.44256671269735      -0.200169433450741     
   3.66385006904602        2.74788755178452      -0.185390825813196     
   3.66385006904602        3.05320839087168      -0.172764622354612     
   3.66385006904602        3.35852922995885      -0.161517172389092     
   3.66385006904602        3.66385006904602      -0.151179220403370     
   3.66385006904602        3.96917090813319      -0.141623659582082     
   3.66385006904602        4.27449174722036      -0.132904167087417     
   3.66385006904602        4.57981258630753      -0.125028572743414     
   3.66385006904602        4.88513342539469      -0.117848171022184     
   3.66385006904602        5.19045426448186      -0.111121398102852     
   3.66385006904602        5.49577510356903      -0.104656391337769     
   3.66385006904602        5.80109594265620      -9.839994904336713E-002
   3.66385006904602        6.10641678174337      -9.240009252899692E-002
   3.66385006904602        6.41173762083054      -8.664500614585659E-002
   3.66385006904602        6.71705845991770      -8.148858367949806E-002
   3.66385006904602        7.02237929900487      -7.785309544197140E-002
   3.66385006904602        7.32770013809204      -7.534411719928512E-002
   3.96917090813319       0.000000000000000E+000 -0.384198079356007     
   3.96917090813319       0.305320839087168      -0.373032923074811     
   3.96917090813319       0.610641678174337      -0.342267265720722     
   3.96917090813319       0.915962517261505      -0.304816204088856     
   3.96917090813319        1.22128335634867      -0.270512109225252     
   3.96917090813319        1.52660419543584      -0.242786824167438     
   3.96917090813319        1.83192503452301      -0.220751394218503     
   3.96917090813319        2.13724587361018      -0.202668934831820     
   3.96917090813319        2.44256671269735      -0.187695322391903     
   3.96917090813319        2.74788755178452      -0.175128182417004     
   3.96917090813319        3.05320839087168      -0.164240568299902     
   3.96917090813319        3.35852922995885      -0.154411067498039     
   3.96917090813319        3.66385006904602      -0.145278548816750     
   3.96917090813319        3.96917090813319      -0.136752364387903     
   3.96917090813319        4.27449174722036      -0.128872803713510     
   3.96917090813319        4.57981258630753      -0.121636058401635     
   3.96917090813319        4.88513342539469      -0.114920732111485     
   3.96917090813319        5.19045426448186      -0.108549153367719     
   3.96917090813319        5.49577510356903      -0.102399319059741     
   3.96917090813319        5.80109594265620      -9.646292856686828E-002
   3.96917090813319        6.10641678174337      -9.080307508030357E-002
   3.96917090813319        6.41173762083054      -8.545020196813760E-002
   3.96917090813319        6.71705845991770      -8.073858708263856E-002
   3.96917090813319        7.02237929900487      -7.730948496919088E-002
   3.96917090813319        7.32770013809204      -7.473004656100544E-002
   4.27449174722036       0.000000000000000E+000 -0.324471273621591     
   4.27449174722036       0.305320839087168      -0.315757291714342     
   4.27449174722036       0.610641678174337      -0.293425582767033     
   4.27449174722036       0.915962517261505      -0.266139378368849     
   4.27449174722036        1.22128335634867      -0.240410636851608     
   4.27449174722036        1.52660419543584      -0.219236848784744     
   4.27449174722036        1.83192503452301      -0.201859449604350     
   4.27449174722036        2.13724587361018      -0.187402481475569     
   4.27449174722036        2.44256671269735      -0.175284049255336     
   4.27449174722036        2.74788755178452      -0.164933467189893     
   4.27449174722036        3.05320839087168      -0.155764523584929     
   4.27449174722036        3.35852922995885      -0.147302402825111     
   4.27449174722036        3.66385006904602      -0.139294272159053     
   4.27449174722036        3.96917090813319      -0.131696104539173     
   4.27449174722036        4.27449174722036      -0.124553424867132     
   4.27449174722036        4.57981258630753      -0.117873423593317     
   4.27449174722036        4.88513342539469      -0.111580032330805     
   4.27449174722036        5.19045426448186      -0.105564343019437     
   4.27449174722036        5.49577510356903      -9.976453357633135E-002
   4.27449174722036        5.80109594265620      -9.420107927970700E-002
   4.27449174722036        6.10641678174337      -8.894612251968959E-002
   4.27449174722036        6.41173762083054      -8.407456887287483E-002
   4.27449174722036        6.71705845991770      -7.982272424590253E-002
   4.27449174722036        7.02237929900487      -7.650642549046113E-002
   4.27449174722036        7.32770013809204      -7.378678964301090E-002
   4.57981258630753       0.000000000000000E+000 -0.261903015441521     
   4.57981258630753       0.305320839087168      -0.256946522733317     
   4.57981258630753       0.610641678174337      -0.243988197541240     
   4.57981258630753       0.915962517261505      -0.227254454648940     
   4.57981258630753        1.22128335634867      -0.210623984735211     
   4.57981258630753        1.52660419543584      -0.195918614114961     
   4.57981258630753        1.83192503452301      -0.183305984409938     
   4.57981258630753        2.13724587361018      -0.172569770805610     
   4.57981258630753        2.44256671269735      -0.163353409526160     
   4.57981258630753        2.74788755178452      -0.155207759977291     
   4.57981258630753        3.05320839087168      -0.147684828072214     
   4.57981258630753        3.35852922995885      -0.140463140439926     
   4.57981258630753        3.66385006904602      -0.133415380571633     
   4.57981258630753        3.96917090813319      -0.126571756529037     
   4.57981258630753        4.27449174722036      -0.120016096726875     
   4.57981258630753        4.57981258630753      -0.113793487714768     
   4.57981258630753        4.88513342539469      -0.107883641517798     
   4.57981258630753        5.19045426448186      -0.102237562381494     
   4.57981258630753        5.49577510356903      -9.683087145875532E-002
   4.57981258630753        5.80109594265620      -9.168598202748021E-002
   4.57981258630753        6.10641678174337      -8.685656551011944E-002
   4.57981258630753        6.41173762083054      -8.240849901287232E-002
   4.57981258630753        6.71705845991770      -7.845232783311459E-002
   4.57981258630753        7.02237929900487      -7.509374049814473E-002
   4.57981258630753        7.32770013809204      -7.210189988701259E-002
   4.88513342539469       0.000000000000000E+000 -0.210569252384965     
   4.88513342539469       0.305320839087168      -0.208283358530310     
   4.88513342539469       0.610641678174337      -0.201954625235020     
   4.88513342539469       0.915962517261505      -0.193012751794642     
   4.88513342539469        1.22128335634867      -0.183367726088228     
   4.88513342539469        1.52660419543584      -0.174238467252131     
   4.88513342539469        1.83192503452301      -0.166083765737250     
   4.88513342539469        2.13724587361018      -0.158898202734559     
   4.88513342539469        2.44256671269735      -0.152422348750871     
   4.88513342539469        2.74788755178452      -0.146298610277540     
   4.88513342539469        3.05320839087168      -0.140215384246887     
   4.88513342539469        3.35852922995885      -0.134012099782635     
   4.88513342539469        3.66385006904602      -0.127702079720153     
   4.88513342539469        3.96917090813319      -0.121412697941594     
   4.88513342539469        4.27449174722036      -0.115291583993645     
   4.88513342539469        4.57981258630753      -0.109437962690766     
   4.88513342539469        4.88513342539469      -0.103886226531934     
   4.88513342539469        5.19045426448186      -9.863028912807244E-002
   4.88513342539469        5.49577510356903      -9.365781854617752E-002
   4.88513342539469        5.80109594265620      -8.896755390014688E-002
   4.88513342539469        6.10641678174337      -8.456931005892403E-002
   4.88513342539469        6.41173762083054      -8.048305549922916E-002
   4.88513342539469        6.71705845991770      -7.674215509252388E-002
   4.88513342539469        7.02237929900487      -7.336485030984052E-002
   4.88513342539469        7.32770013809204      -7.025263040204666E-002
   5.19045426448186       0.000000000000000E+000 -0.172434299584556     
   5.19045426448186       0.305320839087168      -0.171554736318123     
   5.19045426448186       0.610641678174337      -0.168961543241139     
   5.19045426448186       0.915962517261505      -0.165020310805442     
   5.19045426448186        1.22128335634867      -0.160393295649626     
   5.19045426448186        1.52660419543584      -0.155699761228853     
   5.19045426448186        1.83192503452301      -0.151252842591826     
   5.19045426448186        2.13724587361018      -0.147031763136764     
   5.19045426448186        2.44256671269735      -0.142802912958897     
   5.19045426448186        2.74788755178452      -0.138288711776571     
   5.19045426448186        3.05320839087168      -0.133310863846855     
   5.19045426448186        3.35852922995885      -0.127859795267005     
   5.19045426448186        3.66385006904602      -0.122077981699632     
   5.19045426448186        3.96917090813319      -0.116185020149348     
   5.19045426448186        4.27449174722036      -0.110393572852542     
   5.19045426448186        4.57981258630753      -0.104856039127446     
   5.19045426448186        4.88513342539469      -9.965225824621708E-002
   5.19045426448186        5.19045426448186      -9.480344684485507E-002
   5.19045426448186        5.49577510356903      -9.029277575575283E-002
   5.19045426448186        5.80109594265620      -8.608257303688280E-002
   5.19045426448186        6.10641678174337      -8.213061804726839E-002
   5.19045426448186        6.41173762083054      -7.840782472957809E-002
   5.19045426448186        6.71705845991770      -7.490828884443483E-002
   5.19045426448186        7.02237929900487      -7.163633124020832E-002
   5.19045426448186        7.32770013809204      -6.857468308251033E-002
   5.49577510356903       0.000000000000000E+000 -0.143124715058119     
   5.49577510356903       0.305320839087168      -0.143266625244342     
   5.49577510356903       0.610641678174337      -0.143576606863933     
   5.49577510356903       0.915962517261505      -0.143490027317825     
   5.49577510356903        1.22128335634867      -0.142599003246648     
   5.49577510356903        1.52660419543584      -0.141109382133564     
   5.49577510356903        1.83192503452301      -0.139278840219147     
   5.49577510356903        2.13724587361018      -0.137096367313944     
   5.49577510356903        2.44256671269735      -0.134375869359802     
   5.49577510356903        2.74788755178452      -0.130931735324472     
   5.49577510356903        3.05320839087168      -0.126704364809529     
   5.49577510356903        3.35852922995885      -0.121793754286394     
   5.49577510356903        3.66385006904602      -0.116420861110666     
   5.49577510356903        3.96917090813319      -0.110858480660182     
   5.49577510356903        4.27449174722036      -0.105363010245343     
   5.49577510356903        4.57981258630753      -0.100128143327915     
   5.49577510356903        4.88513342539469      -9.526964638428057E-002
   5.49577510356903        5.19045426448186      -9.082927436698914E-002
   5.49577510356903        5.49577510356903      -8.678422696089665E-002
   5.49577510356903        5.80109594265620      -8.306464182703170E-002
   5.49577510356903        6.10641678174337      -7.958349453758407E-002
   5.49577510356903        6.41173762083054      -7.626851271771432E-002
   5.49577510356903        6.71705845991770      -7.308516782296100E-002
   5.49577510356903        7.02237929900487      -7.004179385164576E-002
   5.49577510356903        7.32770013809204      -6.714655523395638E-002
   5.80109594265620       0.000000000000000E+000 -0.123453798672786     
   5.80109594265620       0.305320839087168      -0.124338158321402     
   5.80109594265620       0.610641678174337      -0.126326505569455     
   5.80109594265620       0.915962517261505      -0.128351463944236     
   5.80109594265620        1.22128335634867      -0.129709849615156     
   5.80109594265620        1.52660419543584      -0.130175696654657     
   5.80109594265620        1.83192503452301      -0.129763136985991     
   5.80109594265620        2.13724587361018      -0.128620888902208     
   5.80109594265620        2.44256671269735      -0.126668871409163     
   5.80109594265620        2.74788755178452      -0.123825014086491     
   5.80109594265620        3.05320839087168      -0.120114056684970     
   5.80109594265620        3.35852922995885      -0.115669611971304     
   5.80109594265620        3.66385006904602      -0.110703101940349     
   5.80109594265620        3.96917090813319      -0.105485214176355     
   5.80109594265620        4.27449174722036      -0.100300417821437     
   5.80109594265620        4.57981258630753      -9.537584546313424E-002
   5.80109594265620        4.88513342539469      -9.085413005380472E-002
   5.80109594265620        5.19045426448186      -8.679811248857211E-002
   5.80109594265620        5.49577510356903      -8.319099563033733E-002
   5.80109594265620        5.80109594265620      -7.995023380598239E-002
   5.80109594265620        6.10641678174337      -7.696659155294533E-002
   5.80109594265620        6.41173762083054      -7.414705353673103E-002
   5.80109594265620        6.71705845991770      -7.142068764356513E-002
   5.80109594265620        7.02237929900487      -6.873752886043288E-002
   5.80109594265620        7.32770013809204      -6.606354850595028E-002
   6.10641678174337       0.000000000000000E+000 -0.111808546385069     
   6.10641678174337       0.305320839087168      -0.113294892285664     
   6.10641678174337       0.610641678174337      -0.116426924132283     
   6.10641678174337       0.915962517261505      -0.119178027735409     
   6.10641678174337        1.22128335634867      -0.120950830797741     
   6.10641678174337        1.52660419543584      -0.121805330283033     
   6.10641678174337        1.83192503452301      -0.121761641757700     
   6.10641678174337        2.13724587361018      -0.120879728242063     
   6.10641678174337        2.44256671269735      -0.119187993707232     
   6.10641678174337        2.74788755178452      -0.116697656444499     
   6.10641678174337        3.05320839087168      -0.113476468583288     
   6.10641678174337        3.35852922995885      -0.109584887339244     
   6.10641678174337        3.66385006904602      -0.105082324406078     
   6.10641678174337        3.96917090813319      -0.100213987379988     
   6.10641678174337        4.27449174722036      -9.534349054338782E-002
   6.10641678174337        4.57981258630753      -9.074116850128375E-002
   6.10641678174337        4.88513342539469      -8.653805291521197E-002
   6.10641678174337        5.19045426448186      -8.281428954385497E-002
   6.10641678174337        5.49577510356903      -7.957897437027030E-002
   6.10641678174337        5.80109594265620      -7.676586928863631E-002
   6.10641678174337        6.10641678174337      -7.431002519233401E-002
   6.10641678174337        6.41173762083054      -7.206798591684029E-002
   6.10641678174337        6.71705845991770      -6.990282708900869E-002
   6.10641678174337        7.02237929900487      -6.769975473014032E-002
   6.10641678174337        7.32770013809204      -6.530923429879752E-002
   6.41173762083054       0.000000000000000E+000 -0.105466081747369     
   6.41173762083054       0.305320839087168      -0.107789896069424     
   6.41173762083054       0.610641678174337      -0.111455586578253     
   6.41173762083054       0.915962517261505      -0.113630603358429     
   6.41173762083054        1.22128335634867      -0.114572673851687     
   6.41173762083054        1.52660419543584      -0.114792963876268     
   6.41173762083054        1.83192503452301      -0.114395412034422     
   6.41173762083054        2.13724587361018      -0.113362846801713     
   6.41173762083054        2.44256671269735      -0.111722910411166     
   6.41173762083054        2.74788755178452      -0.109561001139677     
   6.41173762083054        3.05320839087168      -0.106870663469251     
   6.41173762083054        3.35852922995885      -0.103568085658266     
   6.41173762083054        3.66385006904602      -9.961494525925185E-002
   6.41173762083054        3.96917090813319      -9.515122497691868E-002
   6.41173762083054        4.27449174722036      -9.060643999544687E-002
   6.41173762083054        4.57981258630753      -8.633870433669001E-002
   6.41173762083054        4.88513342539469      -8.245231036177780E-002
   6.41173762083054        5.19045426448186      -7.898504919870211E-002
   6.41173762083054        5.49577510356903      -7.600879286920334E-002
   6.41173762083054        5.80109594265620      -7.355517897914350E-002
   6.41173762083054        6.10641678174337      -7.160828872617747E-002
   6.41173762083054        6.41173762083054      -6.992196057578172E-002
   6.41173762083054        6.71705845991770      -6.830383138338718E-002
   6.41173762083054        7.02237929900487      -6.668864911065699E-002
   6.41173762083054        7.32770013809204      -6.475856743765757E-002
   6.71705845991770       0.000000000000000E+000 -0.101186677724953     
   6.71705845991770       0.305320839087168      -0.104868134993617     
   6.71705845991770       0.610641678174337      -0.107942998933482     
   6.71705845991770       0.915962517261505      -0.108738250316815     
   6.71705845991770        1.22128335634867      -0.108658181542330     
   6.71705845991770        1.52660419543584      -0.108147771074276     
   6.71705845991770        1.83192503452301      -0.107263862877456     
   6.71705845991770        2.13724587361018      -0.106001548822262     
   6.71705845991770        2.44256671269735      -0.104374168178563     
   6.71705845991770        2.74788755178452      -0.102390389473990     
   6.71705845991770        3.05320839087168      -0.100059882637088     
   6.71705845991770        3.35852922995885      -9.764311672224452E-002
   6.71705845991770        3.66385006904602      -9.458971542619816E-002
   6.71705845991770        3.96917090813319      -9.063285857696872E-002
   6.71705845991770        4.27449174722036      -8.649111339010652E-002
   6.71705845991770        4.57981258630753      -8.242346778494358E-002
   6.71705845991770        4.88513342539469      -7.872946286147245E-002
   6.71705845991770        5.19045426448186      -7.541224283033103E-002
   6.71705845991770        5.49577510356903      -7.255327324106949E-002
   6.71705845991770        5.80109594265620      -7.039990659580790E-002
   6.71705845991770        6.10641678174337      -6.888889077641738E-002
   6.71705845991770        6.41173762083054      -6.763297052536311E-002
   6.71705845991770        6.71705845991770      -6.626804594332077E-002
   6.71705845991770        7.02237929900487      -6.513731331231608E-002
   6.71705845991770        7.32770013809204      -6.410330969958333E-002
   7.02237929900487       0.000000000000000E+000 -9.791166222798303E-002
   7.02237929900487       0.305320839087168      -0.102214895916448     
   7.02237929900487       0.610641678174337      -0.101542519635612     
   7.02237929900487       0.915962517261505      -0.102136019357486     
   7.02237929900487        1.22128335634867      -0.102167286200952     
   7.02237929900487        1.52660419543584      -0.101508394623493     
   7.02237929900487        1.83192503452301      -0.100429231528876     
   7.02237929900487        2.13724587361018      -9.903393814880539E-002
   7.02237929900487        2.44256671269735      -9.735531792021278E-002
   7.02237929900487        2.74788755178452      -9.523058079226782E-002
   7.02237929900487        3.05320839087168      -9.318416626586237E-002
   7.02237929900487        3.35852922995885      -9.220773970667888E-002
   7.02237929900487        3.66385006904602      -9.072116657963943E-002
   7.02237929900487        3.96917090813319      -8.715913028954737E-002
   7.02237929900487        4.27449174722036      -8.352605569928659E-002
   7.02237929900487        4.57981258630753      -7.942649555441544E-002
   7.02237929900487        4.88513342539469      -7.551715447474311E-002
   7.02237929900487        5.19045426448186      -7.217657310929167E-002
   7.02237929900487        5.49577510356903      -6.933979967115614E-002
   7.02237929900487        5.80109594265620      -6.741196866223233E-002
   7.02237929900487        6.10641678174337      -6.627089449102437E-002
   7.02237929900487        6.41173762083054      -6.544431655886999E-002
   7.02237929900487        6.71705845991770      -6.419703895958394E-002
   7.02237929900487        7.02237929900487      -6.297654263195657E-002
   7.02237929900487        7.32770013809204      -6.289312025437607E-002
   7.32770013809204       0.000000000000000E+000 -9.835815426765598E-002
   7.32770013809204       0.305320839087168      -9.790058976628833E-002
   7.32770013809204       0.610641678174337      -9.526304787527648E-002
   7.32770013809204       0.915962517261505      -9.562801983006256E-002
   7.32770013809204        1.22128335634867      -9.567074430751674E-002
   7.32770013809204        1.52660419543584      -9.509867258750791E-002
   7.32770013809204        1.83192503452301      -9.408025868066409E-002
   7.32770013809204        2.13724587361018      -9.269876656943593E-002
   7.32770013809204        2.44256671269735      -9.092859801238033E-002
   7.32770013809204        2.74788755178452      -8.867395406124641E-002
   7.32770013809204        3.05320839087168      -8.677681500310105E-002
   7.32770013809204        3.35852922995885      -8.688611807287269E-002
   7.32770013809204        3.66385006904602      -8.721604187647217E-002
   7.32770013809204        3.96917090813319      -8.490162079125725E-002
   7.32770013809204        4.27449174722036      -8.173686765745626E-002
   7.32770013809204        4.57981258630753      -7.715903417472855E-002
   7.32770013809204        4.88513342539469      -7.279736735307364E-002
   7.32770013809204        5.19045426448186      -6.928089132919836E-002
   7.32770013809204        5.49577510356903      -6.645095723612342E-002
   7.32770013809204        5.80109594265620      -6.465540369105015E-002
   7.32770013809204        6.10641678174337      -6.380531397583331E-002
   7.32770013809204        6.41173762083054      -6.353873452630325E-002
   7.32770013809204        6.71705845991770      -6.322806859155619E-002
   7.32770013809204        7.02237929900487      -6.229509898074158E-002
   7.32770013809204        7.32770013809204      -6.048134151645889E-002
